第0行	-1	-1	1	2	3	4	5	-1	6	7	-1	8	9	10	-1	-1	-1	-1	-1	11	-1	-1	-1	-1	-1	12	-1	-1	-1	13	-1	-1	-1	-1	-1	-1	-1	-1	-1	-1	-1	-1	
第1行	0	-1	-1	-1	-1	-1	-1	-1	-1	-1	-1	-1	-1	-1	-1	-1	-1	-1	-1	-1	-1	-1	-1	-1	-1	-1	-1	-1	-1	-1	-1	-1	-1	-1	-1	-1	-1	-1	-1	-1	-1	-1	
第2行	-3	-1	-1	14	-1	4	-1	-1	6	7	-1	8	9	10	-1	-1	-1	-1	-1	-1	-1	-1	-1	-1	-1	-1	-1	-1	-1	-1	-1	-1	-1	-1	-1	-1	-1	-1	-1	-1	-1	-1	
第3行	-4	-1	-1	-1	15	-1	5	-1	-1	-1	-1	-1	-1	-1	-1	-1	-1	-1	-1	11	-1	-1	-1	-1	-1	12	-1	-1	-1	13	-1	-1	-1	-1	-1	-1	-1	-1	-1	-1	-1	-1	
第4行	-1	-1	-1	-1	-1	-1	16	-1	-1	-1	-1	-1	-1	-1	-1	-1	-1	-1	-1	-1	-1	-1	-1	-1	-1	-1	-1	-1	-1	-1	-1	-1	-1	-1	-1	-1	-1	-1	-1	-1	-1	-1	
第5行	-1	-1	-1	-1	-1	-1	-1	-1	-1	-1	-1	-1	-1	-1	17	-1	-1	18	-1	-1	-1	-1	-1	19	-1	-1	-1	-1	-1	-1	-1	-1	-1	-1	-1	-1	-1	-1	-1	-1	-1	-1	
第6行	-1	-1	-1	-1	-1	-1	20	-1	-1	-1	-1	-1	-1	-1	-1	-1	-1	-1	-1	-1	-1	-1	-1	-1	-1	-1	-1	-1	-1	-1	-1	-1	-1	-1	-1	-1	-1	-1	-1	-1	-1	-1	
第7行	-1	-1	-1	-1	-1	-1	-14	-1	-1	-1	21	-1	-1	-1	22	-1	-1	-1	-1	-1	-1	-1	-1	-1	-1	-1	-1	-1	-1	-1	-1	-1	-1	-1	-1	-1	-1	-1	-1	-1	-1	-1	
第8行	-1	-1	-1	23	-1	24	-1	-1	25	7	-1	8	9	10	-1	-1	-1	-1	-1	-1	-1	-1	-1	-1	-1	-1	-1	-1	-1	-1	-1	-1	-1	-1	-1	-1	-1	-1	-1	-1	-1	-1	
第9行	-1	-1	-1	-1	-1	-1	-11	-1	-1	-1	-1	-1	-1	-1	-11	-1	-1	-1	-1	-1	-1	-1	-1	-1	-1	-1	-1	-1	-1	-1	-1	-1	-1	-1	-1	-1	-1	-1	-1	-1	-1	-1	
第10行	-1	-1	-1	-1	-1	-1	-12	-1	-1	-1	-1	-1	-1	-1	-12	-1	-1	-1	-1	-1	-1	-1	-1	-1	-1	-1	-1	-1	-1	-1	-1	-1	-1	-1	-1	-1	-1	-1	-1	-1	-1	-1	
第11行	-1	-1	-1	-1	-1	-1	-1	-1	-1	-1	-1	-1	-1	-1	26	-1	-1	27	-1	-1	-1	-1	-1	-1	-1	-1	-1	-1	-1	-1	-1	-1	-1	-1	-1	-1	-1	-1	-1	-1	-1	-1	
第12行	-1	-1	-1	-1	-1	-1	28	-1	-1	-1	-1	-1	-1	-1	-1	29	-1	-1	30	31	-1	-1	32	33	-1	-1	34	-1	-1	-1	-1	-1	-1	35	-1	-1	-1	-1	-1	-1	-1	-1	
第13行	-1	-1	-1	-1	-1	-1	28	-1	-1	-1	-1	-1	-1	-1	-1	29	-1	-1	36	31	-1	-1	32	37	-1	-1	38	-1	-1	-1	-1	-1	-1	39	-1	-1	-1	-1	-1	-1	-1	-1	
第14行	-6	-1	-1	14	-1	4	-1	-1	6	7	-1	8	9	10	-1	-1	-1	-1	-1	-1	-1	-1	-1	-1	-1	-1	-1	-1	-1	-1	-1	-1	-1	-1	-1	-1	-1	-1	-1	-1	-1	-1	
第15行	-5	-1	-1	-1	15	-1	5	-1	-1	-1	-1	-1	-1	-1	-1	-1	-1	-1	-1	11	-1	-1	-1	-1	-1	12	-1	-1	-1	13	-1	-1	-1	-1	-1	-1	-1	-1	-1	-1	-1	-1	
第16行	-1	-1	-1	-1	-1	-1	-1	40	-1	-1	-1	-1	-1	-1	-1	-1	-1	-1	-1	-1	-1	-1	-1	-1	-1	-1	-1	-1	-1	-1	-1	-1	-1	-1	-1	-1	-1	-1	-1	-1	-1	-1	
第17行	-1	-1	-1	-1	-1	-1	41	-1	-1	-1	-1	-1	-1	-1	-1	42	-1	-1	43	44	-1	-1	45	46	-1	-1	-1	-1	-1	-1	-1	-1	-1	-1	-1	-1	-1	-1	-1	-1	-1	-1	
第18行	-1	-1	-1	-1	-1	-1	47	-1	-1	-1	-1	-1	-1	-1	-1	48	-1	-1	49	50	-1	-1	51	52	-1	-1	-1	-1	-1	-1	-1	-1	-1	-1	-1	-1	-1	-1	-1	-1	-1	-1	
第19行	-1	-1	-1	-1	-1	-1	53	-1	-1	-1	-1	-1	-1	-1	-1	54	-1	-1	55	56	-1	-1	57	58	-1	-1	-1	-1	-1	-1	-1	-1	-1	-1	-1	-1	-1	-1	-1	-1	59	-1	
第20行	-1	-1	-1	-1	-1	-1	-1	60	-1	-1	-1	-1	-1	-1	-1	-1	-1	-1	-1	-1	-1	-1	-1	-1	-1	-1	-1	-1	-1	-1	-1	-1	-1	-1	-1	-1	-1	-1	-1	-1	-1	-1	
第21行	-1	-1	-1	-1	-1	-1	-9	-1	-1	-1	-1	-1	-1	-1	-1	-1	-1	-1	-1	-1	-1	-1	-1	-1	-1	-1	-1	-1	-1	-1	-1	-1	-1	-1	-1	-1	-1	-1	-1	-1	-1	-1	
第22行	-1	-1	-1	-1	-1	-1	-1	-1	-1	-1	-1	-1	-1	-1	-1	61	-1	-1	-1	-1	-1	-1	-1	-1	-1	-1	-1	-1	-1	-1	-1	-1	-1	-1	-1	-1	-1	-1	-1	-1	-1	-1	
第23行	-1	-1	-1	62	-1	24	-10	-1	25	7	-1	8	9	10	-1	-1	-1	-1	-1	-1	-1	-1	-1	-1	-1	-1	-1	-1	-1	-1	-1	-1	-1	-1	-1	-1	-1	-1	-1	-1	-1	-1	
第24行	-1	-1	-1	-1	-1	-1	63	-1	-1	-1	-1	-1	-1	-1	-1	-1	-1	-1	-1	-1	-1	-1	-1	-1	-1	-1	-1	-1	-1	-1	-1	-1	-1	-1	-1	-1	-1	-1	-1	-1	-1	-1	
第25行	-1	-1	-1	-1	-1	-1	64	-1	-1	-1	-1	-1	-1	-1	-1	-1	-1	-1	-1	-1	-1	-1	-1	-1	-1	-1	-1	-1	-1	-1	-1	-1	-1	-1	-1	-1	-1	-1	-1	-1	-1	-1	
第26行	-1	-1	-1	-1	-1	-1	41	-1	-1	-1	-1	-1	-1	-1	-1	42	-1	-1	65	44	-1	-1	45	46	-1	-1	-1	-1	-1	-1	-1	-1	-1	-1	-1	-1	-1	-1	-1	-1	-1	-1	
第27行	-1	-1	-1	-1	-1	-1	47	-1	-1	-1	-1	-1	-1	-1	-1	48	-1	-1	66	50	-1	-1	51	52	-1	-1	-1	-1	-1	-1	-1	-1	-1	-1	-1	-1	-1	-1	-1	-1	-1	-1	
第28行	-1	-1	-1	-1	-1	-1	-1	-1	-1	-1	-1	-1	-1	-1	67	-1	-1	-1	-1	-1	-21	-21	-1	-1	-1	-1	-1	-1	-1	-1	-1	-1	-1	-1	-21	-21	-21	-21	-21	-21	-1	-1	
第29行	-1	-1	-1	-1	-1	-1	-1	-1	-1	-1	-1	-1	-1	-1	-1	-1	-1	-1	-1	-1	-22	-22	-1	-1	-1	-1	-1	-1	-1	-1	-1	-1	-1	-1	-22	-22	-22	-22	-22	-22	-1	-1	
第30行	-1	-1	-1	-1	-1	-1	-1	-1	-1	-1	-1	-1	-1	-1	-1	-1	-1	-1	-1	-1	68	69	-1	-1	-1	-1	-1	-1	-1	-1	-1	-1	-1	-1	70	71	72	73	74	75	-1	-1	
第31行	-1	-1	-1	-1	-1	-1	-1	-1	-1	-1	-1	-1	-1	-1	76	-1	-1	-1	-1	-1	-23	-23	-1	-1	-1	-1	-1	-1	-1	-1	-1	-1	-1	-1	-23	-23	-23	-23	-23	-23	-1	-1	
第32行	-1	-1	-1	-1	-1	-1	28	-1	-1	-1	-1	-1	-1	-1	-1	29	-1	-1	77	31	-1	-1	32	78	-1	-1	-1	-1	-1	-1	-1	-1	-1	-1	-1	-1	-1	-1	-1	-1	-1	-1	
第33行	-1	-1	-1	-1	-1	-1	79	-1	-1	-1	-1	-1	-1	-1	-1	80	-1	-1	81	82	-1	-1	83	84	-1	-1	85	-1	-1	-1	-1	-1	-1	86	-1	-1	-1	-1	-1	-1	-1	-1	
第34行	-1	-1	-1	-1	-1	-1	-1	-1	-1	-1	-1	-1	-1	-1	-1	-1	-1	-1	-1	-1	-1	-1	-1	-1	-1	-1	-1	87	-1	-1	-1	88	89	-1	-1	-1	-1	-1	-1	-1	-1	-1	
第35行	-1	-1	-1	-1	-1	-1	28	-1	-1	-1	-1	-1	-1	-1	-1	29	-1	-1	30	31	-1	-1	32	33	-1	-1	90	-1	-1	-1	-1	-1	-1	35	-1	-1	-1	-1	-1	-1	-1	-1	
第36行	-1	-1	-1	-1	-1	-1	-1	-1	-1	-1	-1	-1	-1	-1	-1	-1	-1	-1	-1	-1	68	69	-1	-1	-1	-1	-1	-1	-1	-1	-1	-1	-1	-1	91	92	93	94	95	96	-1	-1	
第37行	-1	-1	-1	-1	-1	-1	79	-1	-1	-1	-1	-1	-1	-1	-1	80	-1	-1	81	82	-1	-1	83	84	-1	-1	97	-1	-1	-1	-1	-1	-1	86	-1	-1	-1	-1	-1	-1	-1	-1	
第38行	-1	-1	-1	-1	-1	-1	-1	-1	-1	-1	-1	-1	-1	-1	-1	-1	-1	-1	-1	-1	-1	-1	-1	-1	-1	-1	-1	-1	-1	-1	98	99	100	-1	-1	-1	-1	-1	-1	-1	-1	-1	
第39行	-1	-1	-1	-1	-1	-1	28	-1	-1	-1	-1	-1	-1	-1	-1	29	-1	-1	36	31	-1	-1	32	37	-1	-1	101	-1	-1	-1	-1	-1	-1	39	-1	-1	-1	-1	-1	-1	-1	-1	
第40行	-1	-1	-1	102	-1	103	-1	-1	104	7	-1	8	9	10	-1	-1	-1	-1	-1	-1	-1	-1	-1	-1	-1	-1	-1	-1	-1	-1	-1	-1	-1	-1	-1	-1	-1	-1	-1	-1	-1	-1	
第41行	-1	-1	-1	-1	-1	-1	-1	-1	-1	-1	-1	-1	-1	-1	105	-1	-21	-1	-1	-1	-21	-21	-1	-1	-1	-1	-1	-1	-1	-1	-1	-1	-1	-1	-1	-1	-1	-1	-1	-1	-1	-1	
第42行	-1	-1	-1	-1	-1	-1	-1	-1	-1	-1	-1	-1	-1	-1	-1	-1	-22	-1	-1	-1	-22	-22	-1	-1	-1	-1	-1	-1	-1	-1	-1	-1	-1	-1	-1	-1	-1	-1	-1	-1	-1	-1	
第43行	-1	-1	-1	-1	-1	-1	-1	-1	-1	-1	-1	-1	-1	-1	-1	-1	106	-1	-1	-1	107	108	-1	-1	-1	-1	-1	-1	-1	-1	-1	-1	-1	-1	-1	-1	-1	-1	-1	-1	-1	-1	
第44行	-1	-1	-1	-1	-1	-1	-1	-1	-1	-1	-1	-1	-1	-1	109	-1	-23	-1	-1	-1	-23	-23	-1	-1	-1	-1	-1	-1	-1	-1	-1	-1	-1	-1	-1	-1	-1	-1	-1	-1	-1	-1	
第45行	-1	-1	-1	-1	-1	-1	41	-1	-1	-1	-1	-1	-1	-1	-1	42	-1	-1	110	44	-1	-1	45	46	-1	-1	-1	-1	-1	-1	-1	-1	-1	-1	-1	-1	-1	-1	-1	-1	-1	-1	
第46行	-1	-1	-1	-1	-1	-1	111	-1	-1	-1	-1	-1	-1	-1	-1	112	-1	-1	113	114	-1	-1	115	116	-1	-1	-1	-1	-1	-1	-1	-1	-1	-1	-1	-1	-1	-1	-1	-1	-1	-1	
第47行	-1	-1	-1	-1	-1	-1	-1	-21	-1	-1	-1	-1	-1	-1	117	-1	-1	-1	-1	-1	-21	-21	-1	-1	-1	-1	-1	-1	-1	-1	-1	-1	-1	-1	-1	-1	-1	-1	-1	-1	-1	-1	
第48行	-1	-1	-1	-1	-1	-1	-1	-22	-1	-1	-1	-1	-1	-1	-1	-1	-1	-1	-1	-1	-22	-22	-1	-1	-1	-1	-1	-1	-1	-1	-1	-1	-1	-1	-1	-1	-1	-1	-1	-1	-1	-1	
第49行	-1	-1	-1	-1	-1	-1	-1	118	-1	-1	-1	-1	-1	-1	-1	-1	-1	-1	-1	-1	119	120	-1	-1	-1	-1	-1	-1	-1	-1	-1	-1	-1	-1	-1	-1	-1	-1	-1	-1	-1	-1	
第50行	-1	-1	-1	-1	-1	-1	-1	-23	-1	-1	-1	-1	-1	-1	121	-1	-1	-1	-1	-1	-23	-23	-1	-1	-1	-1	-1	-1	-1	-1	-1	-1	-1	-1	-1	-1	-1	-1	-1	-1	-1	-1	
第51行	-1	-1	-1	-1	-1	-1	47	-1	-1	-1	-1	-1	-1	-1	-1	48	-1	-1	122	50	-1	-1	51	52	-1	-1	-1	-1	-1	-1	-1	-1	-1	-1	-1	-1	-1	-1	-1	-1	-1	-1	
第52行	-1	-1	-1	-1	-1	-1	111	-1	-1	-1	-1	-1	-1	-1	-1	112	-1	-1	123	114	-1	-1	115	116	-1	-1	-1	-1	-1	-1	-1	-1	-1	-1	-1	-1	-1	-1	-1	-1	-1	-1	
第53行	-1	-1	-1	-1	-1	-1	-1	-1	-1	-1	-1	-1	-1	-1	124	-1	-1	-1	-1	-1	-21	-21	-1	-1	-21	-1	-1	-1	-1	-1	-1	-1	-1	-1	-1	-1	-1	-1	-1	-1	-1	-21	
第54行	-1	-1	-1	-1	-1	-1	-1	-1	-1	-1	-1	-1	-1	-1	-1	-1	-1	-1	-1	-1	-22	-22	-1	-1	-22	-1	-1	-1	-1	-1	-1	-1	-1	-1	-1	-1	-1	-1	-1	-1	-1	-22	
第55行	-1	-1	-1	-1	-1	-1	-1	-1	-1	-1	-1	-1	-1	-1	-1	-1	-1	-1	-1	-1	125	126	-1	-1	-41	-1	-1	-1	-1	-1	-1	-1	-1	-1	-1	-1	-1	-1	-1	-1	-1	-41	
第56行	-1	-1	-1	-1	-1	-1	-1	-1	-1	-1	-1	-1	-1	-1	127	-1	-1	-1	-1	-1	-23	-23	-1	-1	-23	-1	-1	-1	-1	-1	-1	-1	-1	-1	-1	-1	-1	-1	-1	-1	-1	-23	
第57行	-1	-1	-1	-1	-1	-1	53	-1	-1	-1	-1	-1	-1	-1	-1	54	-1	-1	128	56	-1	-1	57	58	-1	-1	-1	-1	-1	-1	-1	-1	-1	-1	-1	-1	-1	-1	-1	-1	-1	-1	
第58行	-1	-1	-1	-1	-1	-1	111	-1	-1	-1	-1	-1	-1	-1	-1	112	-1	-1	129	114	-1	-1	115	116	-1	-1	-1	-1	-1	-1	-1	-1	-1	-1	-1	-1	-1	-1	-1	-1	-1	-1	
第59行	-1	-1	-1	-1	-1	-1	-1	-1	-1	-1	-1	-1	-1	-1	-1	-1	-1	-1	-1	-1	-1	-1	-1	-1	130	-1	-1	-1	-1	-1	-1	-1	-1	-1	-1	-1	-1	-1	-1	-1	-1	131	
第60行	-8	-1	-1	-1	-1	-8	-1	-1	-1	-1	-1	-8	-8	-8	-1	-1	-1	-1	-1	-1	-1	-1	-1	-1	-1	-1	-1	-1	-1	-1	-1	-1	-1	-1	-1	-1	-1	-1	-1	-1	-1	-1	
第61行	-1	-1	-1	-1	-1	-1	-1	-1	-1	-1	-1	-1	-1	-1	-1	-1	132	-1	-1	-1	-1	-1	-1	-1	-1	-1	-1	-1	-1	-1	-1	-1	-1	-1	-1	-1	-1	-1	-1	-1	-1	-1	
第62行	-1	-1	-1	62	-1	24	-6	-1	25	7	-1	8	9	10	-1	-1	-1	-1	-1	-1	-1	-1	-1	-1	-1	-1	-1	-1	-1	-1	-1	-1	-1	-1	-1	-1	-1	-1	-1	-1	-1	-1	
第63行	-1	-1	-1	-1	-1	-1	-1	133	-1	-1	-1	-1	-1	-1	-1	-1	-1	-1	-1	-1	-1	-1	-1	-1	-1	-1	-1	-1	-1	-1	-1	-1	-1	-1	-1	-1	-1	-1	-1	-1	-1	-1	
第64行	-1	-1	-1	-1	-1	-1	-1	134	-1	-1	-1	-1	-1	-1	-1	-1	-1	-1	-1	-1	-1	-1	-1	-1	-1	-1	-1	-1	-1	-1	-1	-1	-1	-1	-1	-1	-1	-1	-1	-1	-1	-1	
第65行	-1	-1	-1	-1	-1	-1	-1	-1	-1	-1	-1	-1	-1	-1	-1	-1	135	-1	-1	-1	107	108	-1	-1	-1	-1	-1	-1	-1	-1	-1	-1	-1	-1	-1	-1	-1	-1	-1	-1	-1	-1	
第66行	-1	-1	-1	-1	-1	-1	-1	136	-1	-1	-1	-1	-1	-1	-1	-1	-1	-1	-1	-1	119	120	-1	-1	-1	-1	-1	-1	-1	-1	-1	-1	-1	-1	-1	-1	-1	-1	-1	-1	-1	-1	
第67行	-1	-1	-1	-1	-1	-1	41	-1	-1	-1	-1	-1	-1	-1	-1	42	-1	-1	137	44	-1	-1	45	46	-1	-1	-1	-1	-1	-1	-1	-1	-1	-1	-1	-1	-1	-1	-1	-1	-1	-1	
第68行	-1	-1	-1	-1	-1	-1	28	-1	-1	-1	-1	-1	-1	-1	-1	29	-1	-1	138	31	-1	-1	32	78	-1	-1	-1	-1	-1	-1	-1	-1	-1	-1	-1	-1	-1	-1	-1	-1	-1	-1	
第69行	-1	-1	-1	-1	-1	-1	28	-1	-1	-1	-1	-1	-1	-1	-1	29	-1	-1	139	31	-1	-1	32	78	-1	-1	-1	-1	-1	-1	-1	-1	-1	-1	-1	-1	-1	-1	-1	-1	-1	-1	
第70行	-1	-1	-1	-1	-1	-1	140	-1	-1	-1	-1	-1	-1	-1	-1	141	-1	-1	142	143	-1	-1	144	145	-1	-1	-1	-1	-1	-1	-1	-1	-1	-1	-1	-1	-1	-1	-1	-1	-1	-1	
第71行	-1	-1	-1	-1	-1	-1	140	-1	-1	-1	-1	-1	-1	-1	-1	141	-1	-1	146	143	-1	-1	144	145	-1	-1	-1	-1	-1	-1	-1	-1	-1	-1	-1	-1	-1	-1	-1	-1	-1	-1	
第72行	-1	-1	-1	-1	-1	-1	140	-1	-1	-1	-1	-1	-1	-1	-1	141	-1	-1	147	143	-1	-1	144	145	-1	-1	-1	-1	-1	-1	-1	-1	-1	-1	-1	-1	-1	-1	-1	-1	-1	-1	
第73行	-1	-1	-1	-1	-1	-1	140	-1	-1	-1	-1	-1	-1	-1	-1	141	-1	-1	148	143	-1	-1	144	145	-1	-1	-1	-1	-1	-1	-1	-1	-1	-1	-1	-1	-1	-1	-1	-1	-1	-1	
第74行	-1	-1	-1	-1	-1	-1	140	-1	-1	-1	-1	-1	-1	-1	-1	141	-1	-1	149	143	-1	-1	144	145	-1	-1	-1	-1	-1	-1	-1	-1	-1	-1	-1	-1	-1	-1	-1	-1	-1	-1	
第75行	-1	-1	-1	-1	-1	-1	140	-1	-1	-1	-1	-1	-1	-1	-1	141	-1	-1	150	143	-1	-1	144	145	-1	-1	-1	-1	-1	-1	-1	-1	-1	-1	-1	-1	-1	-1	-1	-1	-1	-1	
第76行	-1	-1	-1	-1	-1	-1	41	-1	-1	-1	-1	-1	-1	-1	-1	42	-1	-1	151	44	-1	-1	45	46	-1	-1	-1	-1	-1	-1	-1	-1	-1	-1	-1	-1	-1	-1	-1	-1	-1	-1	
第77行	-1	-1	-1	-1	-1	-1	-1	-1	-1	-1	-1	-1	-1	-1	-1	-1	-1	-1	-1	-1	68	69	-1	-1	-1	-1	-1	-1	-1	-1	-1	-1	-1	-1	-19	-19	-19	-19	-19	-19	-1	-1	
第78行	-1	-1	-1	-1	-1	-1	111	-1	-1	-1	-1	-1	-1	-1	-1	112	-1	-1	152	114	-1	-1	115	116	-1	-1	-1	-1	-1	-1	-1	-1	-1	-1	-1	-1	-1	-1	-1	-1	-1	-1	
第79行	-1	-1	-1	-1	-1	-1	-1	-1	-1	-1	-1	-1	-1	-1	153	-1	-1	-1	-1	-1	-21	-21	-1	-1	-21	-1	-1	-1	-1	-1	-1	-1	-1	-1	-21	-21	-21	-21	-21	-21	-1	-1	
第80行	-1	-1	-1	-1	-1	-1	-1	-1	-1	-1	-1	-1	-1	-1	-1	-1	-1	-1	-1	-1	-22	-22	-1	-1	-22	-1	-1	-1	-1	-1	-1	-1	-1	-1	-22	-22	-22	-22	-22	-22	-1	-1	
第81行	-1	-1	-1	-1	-1	-1	-1	-1	-1	-1	-1	-1	-1	-1	-1	-1	-1	-1	-1	-1	154	155	-1	-1	156	-1	-1	-1	-1	-1	-1	-1	-1	-1	157	158	159	160	161	162	-1	-1	
第82行	-1	-1	-1	-1	-1	-1	-1	-1	-1	-1	-1	-1	-1	-1	163	-1	-1	-1	-1	-1	-23	-23	-1	-1	-23	-1	-1	-1	-1	-1	-1	-1	-1	-1	-23	-23	-23	-23	-23	-23	-1	-1	
第83行	-1	-1	-1	-1	-1	-1	79	-1	-1	-1	-1	-1	-1	-1	-1	80	-1	-1	164	82	-1	-1	83	165	-1	-1	-1	-1	-1	-1	-1	-1	-1	-1	-1	-1	-1	-1	-1	-1	-1	-1	
第84行	-1	-1	-1	-1	-1	-1	79	-1	-1	-1	-1	-1	-1	-1	-1	80	-1	-1	166	82	-1	-1	83	84	-1	-1	167	-1	-1	-1	-1	-1	-1	86	-1	-1	-1	-1	-1	-1	-1	-1	
第85行	-1	-1	-1	-1	-1	-1	-1	-1	-1	-1	-1	-1	-1	-1	-1	-1	-1	-1	-1	-1	-1	-1	-1	-1	168	-1	-1	-1	-1	-1	-1	169	170	-1	-1	-1	-1	-1	-1	-1	-1	-1	
第86行	-1	-1	-1	-1	-1	-1	28	-1	-1	-1	-1	-1	-1	-1	-1	29	-1	-1	171	31	-1	-1	32	172	-1	-1	173	-1	-1	-1	-1	-1	-1	86	-1	-1	-1	-1	-1	-1	-1	-1	
第87行	-1	-1	-1	-1	174	-1	175	-1	-1	-1	-1	-1	-1	-1	-1	-1	-1	-1	-1	176	-1	-1	-1	-1	-1	177	-1	-1	-1	178	-1	-1	-1	-1	-1	-1	-1	-1	-1	-1	-1	-1	
第88行	-1	-1	-1	-1	-1	-1	28	-1	-1	-1	-1	-1	-1	-1	-1	29	-1	-1	30	31	-1	-1	32	33	-1	-1	179	-1	-1	-1	-1	-1	-1	35	-1	-1	-1	-1	-1	-1	-1	-1	
第89行	-1	-1	-1	-1	-1	-1	28	-1	-1	-1	-1	-1	-1	-1	-1	29	-1	-1	30	31	-1	-1	32	33	-1	-1	180	-1	-1	-1	-1	-1	-1	35	-1	-1	-1	-1	-1	-1	-1	-1	
第90行	-1	-1	-1	-1	-1	-1	-1	-1	-1	-1	-1	-1	-1	-1	-1	-1	-1	-1	-1	-1	-1	-1	-1	-1	-1	-1	-1	-31	-1	-1	-1	88	89	-1	-1	-1	-1	-1	-1	-1	-1	-1	
第91行	-1	-1	-1	-1	-1	-1	181	-1	-1	-1	-1	-1	-1	-1	-1	182	-1	-1	183	184	-1	-1	185	186	-1	-1	-1	-1	-1	-1	-1	-1	-1	-1	-1	-1	-1	-1	-1	-1	-1	-1	
第92行	-1	-1	-1	-1	-1	-1	181	-1	-1	-1	-1	-1	-1	-1	-1	182	-1	-1	187	184	-1	-1	185	186	-1	-1	-1	-1	-1	-1	-1	-1	-1	-1	-1	-1	-1	-1	-1	-1	-1	-1	
第93行	-1	-1	-1	-1	-1	-1	181	-1	-1	-1	-1	-1	-1	-1	-1	182	-1	-1	188	184	-1	-1	185	186	-1	-1	-1	-1	-1	-1	-1	-1	-1	-1	-1	-1	-1	-1	-1	-1	-1	-1	
第94行	-1	-1	-1	-1	-1	-1	181	-1	-1	-1	-1	-1	-1	-1	-1	182	-1	-1	189	184	-1	-1	185	186	-1	-1	-1	-1	-1	-1	-1	-1	-1	-1	-1	-1	-1	-1	-1	-1	-1	-1	
第95行	-1	-1	-1	-1	-1	-1	181	-1	-1	-1	-1	-1	-1	-1	-1	182	-1	-1	190	184	-1	-1	185	186	-1	-1	-1	-1	-1	-1	-1	-1	-1	-1	-1	-1	-1	-1	-1	-1	-1	-1	
第96行	-1	-1	-1	-1	-1	-1	181	-1	-1	-1	-1	-1	-1	-1	-1	182	-1	-1	191	184	-1	-1	185	186	-1	-1	-1	-1	-1	-1	-1	-1	-1	-1	-1	-1	-1	-1	-1	-1	-1	-1	
第97行	-1	-1	-1	-1	-1	-1	-1	-1	-1	-1	-1	-1	-1	-1	-1	-1	-1	-1	-1	-1	-1	-1	-1	-1	192	-1	-1	-1	-1	-1	-1	169	170	-1	-1	-1	-1	-1	-1	-1	-1	-1	
第98行	-1	-1	-1	-1	193	-1	5	-1	-1	-1	-1	-1	-1	-1	-1	-1	-1	-1	-1	11	-1	-1	-1	-1	-1	12	-1	-1	-1	13	-1	-1	-1	-1	-1	-1	-1	-1	-1	-1	-1	-1	
第99行	-1	-1	-1	-1	-1	-1	28	-1	-1	-1	-1	-1	-1	-1	-1	29	-1	-1	36	31	-1	-1	32	37	-1	-1	194	-1	-1	-1	-1	-1	-1	39	-1	-1	-1	-1	-1	-1	-1	-1	
第100行	-1	-1	-1	-1	-1	-1	28	-1	-1	-1	-1	-1	-1	-1	-1	29	-1	-1	36	31	-1	-1	32	37	-1	-1	195	-1	-1	-1	-1	-1	-1	39	-1	-1	-1	-1	-1	-1	-1	-1	
第101行	-1	-1	-1	-1	-1	-1	-1	-1	-1	-1	-1	-1	-1	-1	-1	-1	-1	-1	-1	-1	-1	-1	-1	-1	-1	-1	-1	-1	-1	-1	-31	99	100	-1	-1	-1	-1	-1	-1	-1	-1	-1	
第102行	-1	-1	-1	196	197	103	198	-1	104	7	-1	8	9	10	-1	-1	-1	-1	-1	199	-1	-1	-1	-1	-1	200	-1	-1	-1	201	-1	-1	-1	-1	-1	-1	-1	-1	-1	-1	-1	-1	
第103行	-1	-1	-1	-1	-1	-1	202	-1	-1	-1	-1	-1	-1	-1	-1	-1	-1	-1	-1	-1	-1	-1	-1	-1	-1	-1	-1	-1	-1	-1	-1	-1	-1	-1	-1	-1	-1	-1	-1	-1	-1	-1	
第104行	-1	-1	-1	-1	-1	-1	203	-1	-1	-1	-1	-1	-1	-1	-1	-1	-1	-1	-1	-1	-1	-1	-1	-1	-1	-1	-1	-1	-1	-1	-1	-1	-1	-1	-1	-1	-1	-1	-1	-1	-1	-1	
第105行	-1	-1	-1	-1	-1	-1	41	-1	-1	-1	-1	-1	-1	-1	-1	42	-1	-1	204	44	-1	-1	45	46	-1	-1	-1	-1	-1	-1	-1	-1	-1	-1	-1	-1	-1	-1	-1	-1	-1	-1	
第106行	-1	-1	-1	-1	-1	-1	-1	-1	-1	-1	-1	-1	-1	-1	-24	-1	-1	-24	-1	-1	-1	-1	-1	-1	-1	-1	-1	-1	-1	-1	-1	-1	-1	-1	-1	-1	-1	-1	-1	-1	-1	-1	
第107行	-1	-1	-1	-1	-1	-1	41	-1	-1	-1	-1	-1	-1	-1	-1	42	-1	-1	205	44	-1	-1	45	46	-1	-1	-1	-1	-1	-1	-1	-1	-1	-1	-1	-1	-1	-1	-1	-1	-1	-1	
第108行	-1	-1	-1	-1	-1	-1	41	-1	-1	-1	-1	-1	-1	-1	-1	42	-1	-1	206	44	-1	-1	45	46	-1	-1	-1	-1	-1	-1	-1	-1	-1	-1	-1	-1	-1	-1	-1	-1	-1	-1	
第109行	-1	-1	-1	-1	-1	-1	41	-1	-1	-1	-1	-1	-1	-1	-1	42	-1	-1	207	44	-1	-1	45	46	-1	-1	-1	-1	-1	-1	-1	-1	-1	-1	-1	-1	-1	-1	-1	-1	-1	-1	
第110行	-1	-1	-1	-1	-1	-1	-1	-1	-1	-1	-1	-1	-1	-1	-1	-1	-19	-1	-1	-1	107	108	-1	-1	-1	-1	-1	-1	-1	-1	-1	-1	-1	-1	-1	-1	-1	-1	-1	-1	-1	-1	
第111行	-1	-1	-1	-1	-1	-1	-1	-1	-1	-1	-1	-1	-1	-1	208	-1	-1	-1	-1	-1	-21	-21	-1	-1	-21	-1	-1	-1	-1	-1	-1	-1	-1	-1	-1	-1	-1	-1	-1	-1	-1	-1	
第112行	-1	-1	-1	-1	-1	-1	-1	-1	-1	-1	-1	-1	-1	-1	-1	-1	-1	-1	-1	-1	-22	-22	-1	-1	-22	-1	-1	-1	-1	-1	-1	-1	-1	-1	-1	-1	-1	-1	-1	-1	-1	-1	
第113行	-1	-1	-1	-1	-1	-1	-1	-1	-1	-1	-1	-1	-1	-1	-1	-1	-1	-1	-1	-1	209	210	-1	-1	211	-1	-1	-1	-1	-1	-1	-1	-1	-1	-1	-1	-1	-1	-1	-1	-1	-1	
第114行	-1	-1	-1	-1	-1	-1	-1	-1	-1	-1	-1	-1	-1	-1	212	-1	-1	-1	-1	-1	-23	-23	-1	-1	-23	-1	-1	-1	-1	-1	-1	-1	-1	-1	-1	-1	-1	-1	-1	-1	-1	-1	
第115行	-1	-1	-1	-1	-1	-1	111	-1	-1	-1	-1	-1	-1	-1	-1	112	-1	-1	213	114	-1	-1	115	116	-1	-1	-1	-1	-1	-1	-1	-1	-1	-1	-1	-1	-1	-1	-1	-1	-1	-1	
第116行	-1	-1	-1	-1	-1	-1	111	-1	-1	-1	-1	-1	-1	-1	-1	112	-1	-1	214	114	-1	-1	115	116	-1	-1	-1	-1	-1	-1	-1	-1	-1	-1	-1	-1	-1	-1	-1	-1	-1	-1	
第117行	-1	-1	-1	-1	-1	-1	41	-1	-1	-1	-1	-1	-1	-1	-1	42	-1	-1	215	44	-1	-1	45	46	-1	-1	-1	-1	-1	-1	-1	-1	-1	-1	-1	-1	-1	-1	-1	-1	-1	-1	
第118行	-15	-1	-1	-1	-1	-1	-15	-1	-1	-1	-1	-1	-1	-1	-1	-1	-1	-1	-1	-1	-1	-1	-1	-1	-1	-15	-1	-1	-1	-15	-1	-1	-1	-1	-1	-1	-1	-1	-1	-1	-1	-1	
第119行	-1	-1	-1	-1	-1	-1	47	-1	-1	-1	-1	-1	-1	-1	-1	48	-1	-1	216	50	-1	-1	51	52	-1	-1	-1	-1	-1	-1	-1	-1	-1	-1	-1	-1	-1	-1	-1	-1	-1	-1	
第120行	-1	-1	-1	-1	-1	-1	47	-1	-1	-1	-1	-1	-1	-1	-1	48	-1	-1	217	50	-1	-1	51	52	-1	-1	-1	-1	-1	-1	-1	-1	-1	-1	-1	-1	-1	-1	-1	-1	-1	-1	
第121行	-1	-1	-1	-1	-1	-1	41	-1	-1	-1	-1	-1	-1	-1	-1	42	-1	-1	218	44	-1	-1	45	46	-1	-1	-1	-1	-1	-1	-1	-1	-1	-1	-1	-1	-1	-1	-1	-1	-1	-1	
第122行	-1	-1	-1	-1	-1	-1	-1	-19	-1	-1	-1	-1	-1	-1	-1	-1	-1	-1	-1	-1	119	120	-1	-1	-1	-1	-1	-1	-1	-1	-1	-1	-1	-1	-1	-1	-1	-1	-1	-1	-1	-1	
第123行	-1	-1	-1	-1	-1	-1	-1	-1	-1	-1	-1	-1	-1	-1	-1	-1	-1	-1	-1	-1	209	210	-1	-1	219	-1	-1	-1	-1	-1	-1	-1	-1	-1	-1	-1	-1	-1	-1	-1	-1	-1	
第124行	-1	-1	-1	-1	-1	-1	41	-1	-1	-1	-1	-1	-1	-1	-1	42	-1	-1	220	44	-1	-1	45	46	-1	-1	-1	-1	-1	-1	-1	-1	-1	-1	-1	-1	-1	-1	-1	-1	-1	-1	
第125行	-1	-1	-1	-1	-1	-1	53	-1	-1	-1	-1	-1	-1	-1	-1	54	-1	-1	221	56	-1	-1	57	58	-1	-1	-1	-1	-1	-1	-1	-1	-1	-1	-1	-1	-1	-1	-1	-1	-1	-1	
第126行	-1	-1	-1	-1	-1	-1	53	-1	-1	-1	-1	-1	-1	-1	-1	54	-1	-1	222	56	-1	-1	57	58	-1	-1	-1	-1	-1	-1	-1	-1	-1	-1	-1	-1	-1	-1	-1	-1	-1	-1	
第127行	-1	-1	-1	-1	-1	-1	41	-1	-1	-1	-1	-1	-1	-1	-1	42	-1	-1	223	44	-1	-1	45	46	-1	-1	-1	-1	-1	-1	-1	-1	-1	-1	-1	-1	-1	-1	-1	-1	-1	-1	
第128行	-1	-1	-1	-1	-1	-1	-1	-1	-1	-1	-1	-1	-1	-1	-1	-1	-1	-1	-1	-1	125	126	-1	-1	-19	-1	-1	-1	-1	-1	-1	-1	-1	-1	-1	-1	-1	-1	-1	-1	-1	-19	
第129行	-1	-1	-1	-1	-1	-1	-1	-1	-1	-1	-1	-1	-1	-1	-1	-1	-1	-1	-1	-1	209	210	-1	-1	224	-1	-1	-1	-1	-1	-1	-1	-1	-1	-1	-1	-1	-1	-1	-1	-1	-1	
第130行	-39	-1	-1	-1	-1	-1	-39	-1	-1	-1	-1	-1	-1	-1	-1	-1	-1	-1	-1	-1	-1	-1	-1	-1	-1	-39	-1	-1	-1	-39	-1	-1	-1	-1	-1	-1	-1	-1	-1	-1	-1	-1	
第131行	-1	-1	-1	-1	-1	-1	53	-1	-1	-1	-1	-1	-1	-1	-1	54	-1	-1	225	56	-1	-1	57	58	-1	-1	-1	-1	-1	-1	-1	-1	-1	-1	-1	-1	-1	-1	-1	-1	-1	-1	
第132行	-1	-1	-1	-1	-1	-1	-14	-1	-1	-1	226	-1	-1	-1	22	-1	-1	-1	-1	-1	-1	-1	-1	-1	-1	-1	-1	-1	-1	-1	-1	-1	-1	-1	-1	-1	-1	-1	-1	-1	-1	-1	
第133行	-1	-1	-1	227	-1	103	-1	-1	104	7	-1	8	9	10	-1	-1	-1	-1	-1	-1	-1	-1	-1	-1	-1	-1	-1	-1	-1	-1	-1	-1	-1	-1	-1	-1	-1	-1	-1	-1	-1	-1	
第134行	-1	-1	-1	-1	-1	-8	-8	-1	-1	-1	-1	-8	-8	-8	-1	-1	-1	-1	-1	-1	-1	-1	-1	-1	-1	-1	-1	-1	-1	-1	-1	-1	-1	-1	-1	-1	-1	-1	-1	-1	-1	-1	
第135行	-1	-1	-1	-1	-1	-1	-1	-1	-1	-1	-1	-1	-1	-1	-25	-1	-1	-25	-1	-1	-1	-1	-1	-1	-1	-1	-1	-1	-1	-1	-1	-1	-1	-1	-1	-1	-1	-1	-1	-1	-1	-1	
第136行	-16	-1	-1	-1	-1	-1	-16	-1	-1	-1	-1	-1	-1	-1	-1	-1	-1	-1	-1	-1	-1	-1	-1	-1	-1	-16	-1	-1	-1	-16	-1	-1	-1	-1	-1	-1	-1	-1	-1	-1	-1	-1	
第137行	-1	-1	-1	-1	-1	-1	-1	-1	-1	-1	-1	-1	-1	-1	-1	-1	228	-1	-1	-1	107	108	-1	-1	-1	-1	-1	-1	-1	-1	-1	-1	-1	-1	-1	-1	-1	-1	-1	-1	-1	-1	
第138行	-1	-1	-1	-1	-1	-1	-1	-1	-1	-1	-1	-1	-1	-1	-1	-1	-1	-1	-1	-1	68	69	-1	-1	-1	-1	-1	-1	-1	-1	-1	-1	-1	-1	-17	-17	-17	-17	-17	-17	-1	-1	
第139行	-1	-1	-1	-1	-1	-1	-1	-1	-1	-1	-1	-1	-1	-1	-1	-1	-1	-1	-1	-1	68	69	-1	-1	-1	-1	-1	-1	-1	-1	-1	-1	-1	-1	-18	-18	-18	-18	-18	-18	-1	-1	
第140行	-1	-1	-1	-1	-1	-1	-1	-1	-1	-1	-1	-1	-1	-1	229	-1	-1	-1	-1	-1	-21	-21	-1	-1	-1	-1	-1	-21	-1	-1	-1	-21	-21	-1	-1	-1	-1	-1	-1	-1	-1	-1	
第141行	-1	-1	-1	-1	-1	-1	-1	-1	-1	-1	-1	-1	-1	-1	-1	-1	-1	-1	-1	-1	-22	-22	-1	-1	-1	-1	-1	-22	-1	-1	-1	-22	-22	-1	-1	-1	-1	-1	-1	-1	-1	-1	
第142行	-1	-1	-1	-1	-1	-1	-1	-1	-1	-1	-1	-1	-1	-1	-1	-1	-1	-1	-1	-1	230	231	-1	-1	-1	-1	-1	-33	-1	-1	-1	-33	-33	-1	-1	-1	-1	-1	-1	-1	-1	-1	
第143行	-1	-1	-1	-1	-1	-1	-1	-1	-1	-1	-1	-1	-1	-1	232	-1	-1	-1	-1	-1	-23	-23	-1	-1	-1	-1	-1	-23	-1	-1	-1	-23	-23	-1	-1	-1	-1	-1	-1	-1	-1	-1	
第144行	-1	-1	-1	-1	-1	-1	140	-1	-1	-1	-1	-1	-1	-1	-1	141	-1	-1	233	143	-1	-1	144	145	-1	-1	-1	-1	-1	-1	-1	-1	-1	-1	-1	-1	-1	-1	-1	-1	-1	-1	
第145行	-1	-1	-1	-1	-1	-1	111	-1	-1	-1	-1	-1	-1	-1	-1	112	-1	-1	234	114	-1	-1	115	116	-1	-1	-1	-1	-1	-1	-1	-1	-1	-1	-1	-1	-1	-1	-1	-1	-1	-1	
第146行	-1	-1	-1	-1	-1	-1	-1	-1	-1	-1	-1	-1	-1	-1	-1	-1	-1	-1	-1	-1	230	231	-1	-1	-1	-1	-1	-34	-1	-1	-1	-34	-34	-1	-1	-1	-1	-1	-1	-1	-1	-1	
第147行	-1	-1	-1	-1	-1	-1	-1	-1	-1	-1	-1	-1	-1	-1	-1	-1	-1	-1	-1	-1	230	231	-1	-1	-1	-1	-1	-35	-1	-1	-1	-35	-35	-1	-1	-1	-1	-1	-1	-1	-1	-1	
第148行	-1	-1	-1	-1	-1	-1	-1	-1	-1	-1	-1	-1	-1	-1	-1	-1	-1	-1	-1	-1	230	231	-1	-1	-1	-1	-1	-36	-1	-1	-1	-36	-36	-1	-1	-1	-1	-1	-1	-1	-1	-1	
第149行	-1	-1	-1	-1	-1	-1	-1	-1	-1	-1	-1	-1	-1	-1	-1	-1	-1	-1	-1	-1	230	231	-1	-1	-1	-1	-1	-37	-1	-1	-1	-37	-37	-1	-1	-1	-1	-1	-1	-1	-1	-1	
第150行	-1	-1	-1	-1	-1	-1	-1	-1	-1	-1	-1	-1	-1	-1	-1	-1	-1	-1	-1	-1	230	231	-1	-1	-1	-1	-1	-38	-1	-1	-1	-38	-38	-1	-1	-1	-1	-1	-1	-1	-1	-1	
第151行	-1	-1	-1	-1	-1	-1	-1	-1	-1	-1	-1	-1	-1	-1	-1	-1	235	-1	-1	-1	107	108	-1	-1	-1	-1	-1	-1	-1	-1	-1	-1	-1	-1	-1	-1	-1	-1	-1	-1	-1	-1	
第152行	-1	-1	-1	-1	-1	-1	-1	-1	-1	-1	-1	-1	-1	-1	-1	-1	-1	-1	-1	-1	209	210	-1	-1	156	-1	-1	-1	-1	-1	-1	-1	-1	-1	-1	-1	-1	-1	-1	-1	-1	-1	
第153行	-1	-1	-1	-1	-1	-1	41	-1	-1	-1	-1	-1	-1	-1	-1	42	-1	-1	236	44	-1	-1	45	46	-1	-1	-1	-1	-1	-1	-1	-1	-1	-1	-1	-1	-1	-1	-1	-1	-1	-1	
第154行	-1	-1	-1	-1	-1	-1	79	-1	-1	-1	-1	-1	-1	-1	-1	80	-1	-1	237	82	-1	-1	83	165	-1	-1	-1	-1	-1	-1	-1	-1	-1	-1	-1	-1	-1	-1	-1	-1	-1	-1	
第155行	-1	-1	-1	-1	-1	-1	79	-1	-1	-1	-1	-1	-1	-1	-1	80	-1	-1	238	82	-1	-1	83	165	-1	-1	-1	-1	-1	-1	-1	-1	-1	-1	-1	-1	-1	-1	-1	-1	-1	-1	
第156行	-1	-1	-1	-1	-1	-1	-1	-1	-1	-1	-1	-1	-1	-1	-1	-1	-1	-1	-1	-1	-20	-20	-1	-1	-1	-1	-1	-1	-1	-1	-1	-1	-1	-1	-20	-20	-20	-20	-20	-20	-1	-1	
第157行	-1	-1	-1	-1	-1	-1	239	-1	-1	-1	-1	-1	-1	-1	-1	240	-1	-1	241	242	-1	-1	243	244	-1	-1	-1	-1	-1	-1	-1	-1	-1	-1	-1	-1	-1	-1	-1	-1	-1	-1	
第158行	-1	-1	-1	-1	-1	-1	239	-1	-1	-1	-1	-1	-1	-1	-1	240	-1	-1	245	242	-1	-1	243	244	-1	-1	-1	-1	-1	-1	-1	-1	-1	-1	-1	-1	-1	-1	-1	-1	-1	-1	
第159行	-1	-1	-1	-1	-1	-1	239	-1	-1	-1	-1	-1	-1	-1	-1	240	-1	-1	246	242	-1	-1	243	244	-1	-1	-1	-1	-1	-1	-1	-1	-1	-1	-1	-1	-1	-1	-1	-1	-1	-1	
第160行	-1	-1	-1	-1	-1	-1	239	-1	-1	-1	-1	-1	-1	-1	-1	240	-1	-1	247	242	-1	-1	243	244	-1	-1	-1	-1	-1	-1	-1	-1	-1	-1	-1	-1	-1	-1	-1	-1	-1	-1	
第161行	-1	-1	-1	-1	-1	-1	239	-1	-1	-1	-1	-1	-1	-1	-1	240	-1	-1	248	242	-1	-1	243	244	-1	-1	-1	-1	-1	-1	-1	-1	-1	-1	-1	-1	-1	-1	-1	-1	-1	-1	
第162行	-1	-1	-1	-1	-1	-1	239	-1	-1	-1	-1	-1	-1	-1	-1	240	-1	-1	249	242	-1	-1	243	244	-1	-1	-1	-1	-1	-1	-1	-1	-1	-1	-1	-1	-1	-1	-1	-1	-1	-1	
第163行	-1	-1	-1	-1	-1	-1	41	-1	-1	-1	-1	-1	-1	-1	-1	42	-1	-1	250	44	-1	-1	45	46	-1	-1	-1	-1	-1	-1	-1	-1	-1	-1	-1	-1	-1	-1	-1	-1	-1	-1	
第164行	-1	-1	-1	-1	-1	-1	-1	-1	-1	-1	-1	-1	-1	-1	-1	-1	-1	-1	-1	-1	154	155	-1	-1	-19	-1	-1	-1	-1	-1	-1	-1	-1	-1	-19	-19	-19	-19	-19	-19	-1	-1	
第165行	-1	-1	-1	-1	-1	-1	111	-1	-1	-1	-1	-1	-1	-1	-1	112	-1	-1	251	114	-1	-1	115	116	-1	-1	-1	-1	-1	-1	-1	-1	-1	-1	-1	-1	-1	-1	-1	-1	-1	-1	
第166行	-1	-1	-1	-1	-1	-1	-1	-1	-1	-1	-1	-1	-1	-1	-1	-1	-1	-1	-1	-1	154	155	-1	-1	252	-1	-1	-1	-1	-1	-1	-1	-1	-1	157	158	159	160	161	162	-1	-1	
第167行	-1	-1	-1	-1	-1	-1	-1	-1	-1	-1	-1	-1	-1	-1	-1	-1	-1	-1	-1	-1	-1	-1	-1	-1	253	-1	-1	-1	-1	-1	-1	169	170	-1	-1	-1	-1	-1	-1	-1	-1	-1	
第168行	-1	-1	-1	-1	-1	-1	-1	-1	-1	-1	-1	-1	-1	-1	-1	-1	-1	-1	-1	-1	-1	-1	-1	-1	-1	-1	-1	-32	-1	-1	-1	-32	-32	-1	-1	-1	-1	-1	-1	-1	-1	-1	
第169行	-1	-1	-1	-1	-1	-1	28	-1	-1	-1	-1	-1	-1	-1	-1	29	-1	-1	171	31	-1	-1	32	172	-1	-1	254	-1	-1	-1	-1	-1	-1	86	-1	-1	-1	-1	-1	-1	-1	-1	
第170行	-1	-1	-1	-1	-1	-1	28	-1	-1	-1	-1	-1	-1	-1	-1	29	-1	-1	171	31	-1	-1	32	172	-1	-1	255	-1	-1	-1	-1	-1	-1	86	-1	-1	-1	-1	-1	-1	-1	-1	
第171行	-1	-1	-1	-1	-1	-1	-1	-1	-1	-1	-1	-1	-1	-1	-1	-1	-1	-1	-1	-1	68	69	-1	-1	-1	-1	-1	-1	-1	-1	-1	-1	-1	-1	157	158	159	160	161	162	-1	-1	
第172行	-1	-1	-1	-1	-1	-1	79	-1	-1	-1	-1	-1	-1	-1	-1	80	-1	-1	81	82	-1	-1	83	84	-1	-1	167	-1	-1	-1	-1	-1	-1	86	-1	-1	-1	-1	-1	-1	-1	-1	
第173行	-1	-1	-1	-1	-1	-1	-1	-1	-1	-1	-1	-1	-1	-1	-1	-1	-1	-1	-1	-1	-1	-1	-1	-1	-31	-1	-1	-1	-1	-1	-1	169	170	-1	-1	-1	-1	-1	-1	-1	-1	-1	
第174行	-26	-1	-1	-1	256	-1	175	-1	-1	-1	-1	-1	-1	-1	-1	-1	-1	-1	-1	176	-1	-1	-1	-1	-1	177	-1	-1	257	178	-1	-1	-1	-1	-1	-1	-1	-1	-1	-1	-1	-1	
第175行	-1	-1	-1	-1	-1	-1	-1	-1	-1	-1	-1	-1	-1	-1	17	-1	-1	258	-1	-1	-1	-1	-1	259	-1	-1	-1	-1	-1	-1	-1	-1	-1	-1	-1	-1	-1	-1	-1	-1	-1	-1	
第176行	-1	-1	-1	-1	-1	-1	-1	-1	-1	-1	-1	-1	-1	-1	26	-1	-1	260	-1	-1	-1	-1	-1	-1	-1	-1	-1	-1	-1	-1	-1	-1	-1	-1	-1	-1	-1	-1	-1	-1	-1	-1	
第177行	-1	-1	-1	-1	-1	-1	28	-1	-1	-1	-1	-1	-1	-1	-1	29	-1	-1	30	31	-1	-1	32	33	-1	-1	261	-1	-1	-1	-1	-1	-1	35	-1	-1	-1	-1	-1	-1	-1	-1	
第178行	-1	-1	-1	-1	-1	-1	28	-1	-1	-1	-1	-1	-1	-1	-1	29	-1	-1	36	31	-1	-1	32	37	-1	-1	262	-1	-1	-1	-1	-1	-1	39	-1	-1	-1	-1	-1	-1	-1	-1	
第179行	-1	-1	-1	-1	-1	-1	-1	-1	-1	-1	-1	-1	-1	-1	-1	-1	-1	-1	-1	-1	-1	-1	-1	-1	-1	-1	-1	-29	-1	-1	-1	88	89	-1	-1	-1	-1	-1	-1	-1	-1	-1	
第180行	-1	-1	-1	-1	-1	-1	-1	-1	-1	-1	-1	-1	-1	-1	-1	-1	-1	-1	-1	-1	-1	-1	-1	-1	-1	-1	-1	-30	-1	-1	-1	88	89	-1	-1	-1	-1	-1	-1	-1	-1	-1	
第181行	-1	-1	-1	-1	-1	-1	-1	-1	-1	-1	-1	-1	-1	-1	263	-1	-1	-1	-1	-1	-21	-21	-1	-1	-1	-1	-1	-1	-1	-1	-21	-21	-21	-1	-1	-1	-1	-1	-1	-1	-1	-1	
第182行	-1	-1	-1	-1	-1	-1	-1	-1	-1	-1	-1	-1	-1	-1	-1	-1	-1	-1	-1	-1	-22	-22	-1	-1	-1	-1	-1	-1	-1	-1	-22	-22	-22	-1	-1	-1	-1	-1	-1	-1	-1	-1	
第183行	-1	-1	-1	-1	-1	-1	-1	-1	-1	-1	-1	-1	-1	-1	-1	-1	-1	-1	-1	-1	264	265	-1	-1	-1	-1	-1	-1	-1	-1	-33	-33	-33	-1	-1	-1	-1	-1	-1	-1	-1	-1	
第184行	-1	-1	-1	-1	-1	-1	-1	-1	-1	-1	-1	-1	-1	-1	266	-1	-1	-1	-1	-1	-23	-23	-1	-1	-1	-1	-1	-1	-1	-1	-23	-23	-23	-1	-1	-1	-1	-1	-1	-1	-1	-1	
第185行	-1	-1	-1	-1	-1	-1	181	-1	-1	-1	-1	-1	-1	-1	-1	182	-1	-1	267	184	-1	-1	185	186	-1	-1	-1	-1	-1	-1	-1	-1	-1	-1	-1	-1	-1	-1	-1	-1	-1	-1	
第186行	-1	-1	-1	-1	-1	-1	111	-1	-1	-1	-1	-1	-1	-1	-1	112	-1	-1	268	114	-1	-1	115	116	-1	-1	-1	-1	-1	-1	-1	-1	-1	-1	-1	-1	-1	-1	-1	-1	-1	-1	
第187行	-1	-1	-1	-1	-1	-1	-1	-1	-1	-1	-1	-1	-1	-1	-1	-1	-1	-1	-1	-1	264	265	-1	-1	-1	-1	-1	-1	-1	-1	-34	-34	-34	-1	-1	-1	-1	-1	-1	-1	-1	-1	
第188行	-1	-1	-1	-1	-1	-1	-1	-1	-1	-1	-1	-1	-1	-1	-1	-1	-1	-1	-1	-1	264	265	-1	-1	-1	-1	-1	-1	-1	-1	-35	-35	-35	-1	-1	-1	-1	-1	-1	-1	-1	-1	
第189行	-1	-1	-1	-1	-1	-1	-1	-1	-1	-1	-1	-1	-1	-1	-1	-1	-1	-1	-1	-1	264	265	-1	-1	-1	-1	-1	-1	-1	-1	-36	-36	-36	-1	-1	-1	-1	-1	-1	-1	-1	-1	
第190行	-1	-1	-1	-1	-1	-1	-1	-1	-1	-1	-1	-1	-1	-1	-1	-1	-1	-1	-1	-1	264	265	-1	-1	-1	-1	-1	-1	-1	-1	-37	-37	-37	-1	-1	-1	-1	-1	-1	-1	-1	-1	
第191行	-1	-1	-1	-1	-1	-1	-1	-1	-1	-1	-1	-1	-1	-1	-1	-1	-1	-1	-1	-1	264	265	-1	-1	-1	-1	-1	-1	-1	-1	-38	-38	-38	-1	-1	-1	-1	-1	-1	-1	-1	-1	
第192行	-1	-1	-1	-1	-1	-1	-1	-1	-1	-1	-1	-1	-1	-1	-1	-1	-1	-1	-1	-1	-1	-1	-1	-1	-1	-1	-1	-1	-1	-1	-32	-32	-32	-1	-1	-1	-1	-1	-1	-1	-1	-1	
第193行	-28	-1	-1	-1	15	-1	5	-1	-1	-1	-1	-1	-1	-1	-1	-1	-1	-1	-1	11	-1	-1	-1	-1	-1	12	-1	-1	-1	13	-1	-1	-1	-1	-1	-1	-1	-1	-1	-1	-1	-1	
第194行	-1	-1	-1	-1	-1	-1	-1	-1	-1	-1	-1	-1	-1	-1	-1	-1	-1	-1	-1	-1	-1	-1	-1	-1	-1	-1	-1	-1	-1	-1	-29	99	100	-1	-1	-1	-1	-1	-1	-1	-1	-1	
第195行	-1	-1	-1	-1	-1	-1	-1	-1	-1	-1	-1	-1	-1	-1	-1	-1	-1	-1	-1	-1	-1	-1	-1	-1	-1	-1	-1	-1	-1	-1	-30	99	100	-1	-1	-1	-1	-1	-1	-1	-1	-1	
第196行	-1	-1	-1	196	-1	103	-6	-1	104	7	-1	8	9	10	-1	-1	-1	-1	-1	-1	-1	-1	-1	-1	-1	-6	-1	-1	-1	-6	-1	-1	-1	-1	-1	-1	-1	-1	-1	-1	-1	-1	
第197行	-7	-1	-1	-1	269	-7	198	-1	-1	-1	-1	-7	-7	-7	-1	-1	-1	-1	-1	199	-1	-1	-1	-1	-1	200	-1	-1	-1	201	-1	-1	-1	-1	-1	-1	-1	-1	-1	-1	-1	-1	
第198行	-1	-1	-1	-1	-1	-1	-1	-1	-1	-1	-1	-1	-1	-1	17	-1	-1	270	-1	-1	-1	-1	-1	271	-1	-1	-1	-1	-1	-1	-1	-1	-1	-1	-1	-1	-1	-1	-1	-1	-1	-1	
第199行	-1	-1	-1	-1	-1	-1	-1	-1	-1	-1	-1	-1	-1	-1	26	-1	-1	272	-1	-1	-1	-1	-1	-1	-1	-1	-1	-1	-1	-1	-1	-1	-1	-1	-1	-1	-1	-1	-1	-1	-1	-1	
第200行	-1	-1	-1	-1	-1	-1	28	-1	-1	-1	-1	-1	-1	-1	-1	29	-1	-1	30	31	-1	-1	32	33	-1	-1	273	-1	-1	-1	-1	-1	-1	35	-1	-1	-1	-1	-1	-1	-1	-1	
第201行	-1	-1	-1	-1	-1	-1	28	-1	-1	-1	-1	-1	-1	-1	-1	29	-1	-1	36	31	-1	-1	32	37	-1	-1	274	-1	-1	-1	-1	-1	-1	39	-1	-1	-1	-1	-1	-1	-1	-1	
第202行	-1	-1	-1	-1	-1	-1	-1	275	-1	-1	-1	-1	-1	-1	-1	-1	-1	-1	-1	-1	-1	-1	-1	-1	-1	-1	-1	-1	-1	-1	-1	-1	-1	-1	-1	-1	-1	-1	-1	-1	-1	-1	
第203行	-1	-1	-1	-1	-1	-1	-1	276	-1	-1	-1	-1	-1	-1	-1	-1	-1	-1	-1	-1	-1	-1	-1	-1	-1	-1	-1	-1	-1	-1	-1	-1	-1	-1	-1	-1	-1	-1	-1	-1	-1	-1	
第204行	-1	-1	-1	-1	-1	-1	-1	-1	-1	-1	-1	-1	-1	-1	-1	-1	277	-1	-1	-1	107	108	-1	-1	-1	-1	-1	-1	-1	-1	-1	-1	-1	-1	-1	-1	-1	-1	-1	-1	-1	-1	
第205行	-1	-1	-1	-1	-1	-1	-1	-1	-1	-1	-1	-1	-1	-1	-1	-1	-17	-1	-1	-1	107	108	-1	-1	-1	-1	-1	-1	-1	-1	-1	-1	-1	-1	-1	-1	-1	-1	-1	-1	-1	-1	
第206行	-1	-1	-1	-1	-1	-1	-1	-1	-1	-1	-1	-1	-1	-1	-1	-1	-18	-1	-1	-1	107	108	-1	-1	-1	-1	-1	-1	-1	-1	-1	-1	-1	-1	-1	-1	-1	-1	-1	-1	-1	-1	
第207行	-1	-1	-1	-1	-1	-1	-1	-1	-1	-1	-1	-1	-1	-1	-1	-1	278	-1	-1	-1	107	108	-1	-1	-1	-1	-1	-1	-1	-1	-1	-1	-1	-1	-1	-1	-1	-1	-1	-1	-1	-1	
第208行	-1	-1	-1	-1	-1	-1	41	-1	-1	-1	-1	-1	-1	-1	-1	42	-1	-1	279	44	-1	-1	45	46	-1	-1	-1	-1	-1	-1	-1	-1	-1	-1	-1	-1	-1	-1	-1	-1	-1	-1	
第209行	-1	-1	-1	-1	-1	-1	111	-1	-1	-1	-1	-1	-1	-1	-1	112	-1	-1	280	114	-1	-1	115	116	-1	-1	-1	-1	-1	-1	-1	-1	-1	-1	-1	-1	-1	-1	-1	-1	-1	-1	
第210行	-1	-1	-1	-1	-1	-1	111	-1	-1	-1	-1	-1	-1	-1	-1	112	-1	-1	281	114	-1	-1	115	116	-1	-1	-1	-1	-1	-1	-1	-1	-1	-1	-1	-1	-1	-1	-1	-1	-1	-1	
第211行	-1	-1	-1	-1	-1	-1	-1	-1	-1	-1	-1	-1	-1	-1	-1	-1	-20	-1	-1	-1	-20	-20	-1	-1	-1	-1	-1	-1	-1	-1	-1	-1	-1	-1	-1	-1	-1	-1	-1	-1	-1	-1	
第212行	-1	-1	-1	-1	-1	-1	41	-1	-1	-1	-1	-1	-1	-1	-1	42	-1	-1	282	44	-1	-1	45	46	-1	-1	-1	-1	-1	-1	-1	-1	-1	-1	-1	-1	-1	-1	-1	-1	-1	-1	
第213行	-1	-1	-1	-1	-1	-1	-1	-1	-1	-1	-1	-1	-1	-1	-1	-1	-1	-1	-1	-1	209	210	-1	-1	-19	-1	-1	-1	-1	-1	-1	-1	-1	-1	-1	-1	-1	-1	-1	-1	-1	-1	
第214行	-1	-1	-1	-1	-1	-1	-1	-1	-1	-1	-1	-1	-1	-1	-1	-1	-1	-1	-1	-1	209	210	-1	-1	283	-1	-1	-1	-1	-1	-1	-1	-1	-1	-1	-1	-1	-1	-1	-1	-1	-1	
第215行	-1	-1	-1	-1	-1	-1	-1	-1	-1	-1	-1	-1	-1	-1	-1	-1	284	-1	-1	-1	107	108	-1	-1	-1	-1	-1	-1	-1	-1	-1	-1	-1	-1	-1	-1	-1	-1	-1	-1	-1	-1	
第216行	-1	-1	-1	-1	-1	-1	-1	-17	-1	-1	-1	-1	-1	-1	-1	-1	-1	-1	-1	-1	119	120	-1	-1	-1	-1	-1	-1	-1	-1	-1	-1	-1	-1	-1	-1	-1	-1	-1	-1	-1	-1	
第217行	-1	-1	-1	-1	-1	-1	-1	-18	-1	-1	-1	-1	-1	-1	-1	-1	-1	-1	-1	-1	119	120	-1	-1	-1	-1	-1	-1	-1	-1	-1	-1	-1	-1	-1	-1	-1	-1	-1	-1	-1	-1	
第218行	-1	-1	-1	-1	-1	-1	-1	-1	-1	-1	-1	-1	-1	-1	-1	-1	285	-1	-1	-1	107	108	-1	-1	-1	-1	-1	-1	-1	-1	-1	-1	-1	-1	-1	-1	-1	-1	-1	-1	-1	-1	
第219行	-1	-1	-1	-1	-1	-1	-1	-20	-1	-1	-1	-1	-1	-1	-1	-1	-1	-1	-1	-1	-20	-20	-1	-1	-1	-1	-1	-1	-1	-1	-1	-1	-1	-1	-1	-1	-1	-1	-1	-1	-1	-1	
第220行	-1	-1	-1	-1	-1	-1	-1	-1	-1	-1	-1	-1	-1	-1	-1	-1	286	-1	-1	-1	107	108	-1	-1	-1	-1	-1	-1	-1	-1	-1	-1	-1	-1	-1	-1	-1	-1	-1	-1	-1	-1	
第221行	-1	-1	-1	-1	-1	-1	-1	-1	-1	-1	-1	-1	-1	-1	-1	-1	-1	-1	-1	-1	125	126	-1	-1	-17	-1	-1	-1	-1	-1	-1	-1	-1	-1	-1	-1	-1	-1	-1	-1	-1	-17	
第222行	-1	-1	-1	-1	-1	-1	-1	-1	-1	-1	-1	-1	-1	-1	-1	-1	-1	-1	-1	-1	125	126	-1	-1	-18	-1	-1	-1	-1	-1	-1	-1	-1	-1	-1	-1	-1	-1	-1	-1	-1	-18	
第223行	-1	-1	-1	-1	-1	-1	-1	-1	-1	-1	-1	-1	-1	-1	-1	-1	287	-1	-1	-1	107	108	-1	-1	-1	-1	-1	-1	-1	-1	-1	-1	-1	-1	-1	-1	-1	-1	-1	-1	-1	-1	
第224行	-1	-1	-1	-1	-1	-1	-1	-1	-1	-1	-1	-1	-1	-1	-1	-1	-1	-1	-1	-1	-20	-20	-1	-1	-20	-1	-1	-1	-1	-1	-1	-1	-1	-1	-1	-1	-1	-1	-1	-1	-1	-20	
第225行	-1	-1	-1	-1	-1	-1	-1	-1	-1	-1	-1	-1	-1	-1	-1	-1	-1	-1	-1	-1	125	126	-1	-1	-40	-1	-1	-1	-1	-1	-1	-1	-1	-1	-1	-1	-1	-1	-1	-1	-1	-40	
第226行	-1	-1	-1	-1	-1	-1	-13	-1	-1	-1	-1	-1	-1	-1	-1	-1	-1	-1	-1	-1	-1	-1	-1	-1	-1	-1	-1	-1	-1	-1	-1	-1	-1	-1	-1	-1	-1	-1	-1	-1	-1	-1	
第227行	-1	-1	-1	196	288	103	289	-1	104	7	-1	8	9	10	-1	-1	-1	-1	-1	290	-1	-1	-1	-1	-1	291	-1	-1	-1	292	-1	-1	-1	-1	-1	-1	-1	-1	-1	-1	-1	-1	
第228行	-1	-1	-1	-1	-1	-1	-1	-1	-1	-1	-1	-1	-1	-1	-24	-1	-1	-1	-1	-1	-24	-24	-1	-1	-1	-1	-1	-1	-1	-1	-1	-1	-1	-1	-24	-24	-24	-24	-24	-24	-1	-1	
第229行	-1	-1	-1	-1	-1	-1	41	-1	-1	-1	-1	-1	-1	-1	-1	42	-1	-1	293	44	-1	-1	45	46	-1	-1	-1	-1	-1	-1	-1	-1	-1	-1	-1	-1	-1	-1	-1	-1	-1	-1	
第230行	-1	-1	-1	-1	-1	-1	140	-1	-1	-1	-1	-1	-1	-1	-1	141	-1	-1	294	143	-1	-1	144	145	-1	-1	-1	-1	-1	-1	-1	-1	-1	-1	-1	-1	-1	-1	-1	-1	-1	-1	
第231行	-1	-1	-1	-1	-1	-1	140	-1	-1	-1	-1	-1	-1	-1	-1	141	-1	-1	295	143	-1	-1	144	145	-1	-1	-1	-1	-1	-1	-1	-1	-1	-1	-1	-1	-1	-1	-1	-1	-1	-1	
第232行	-1	-1	-1	-1	-1	-1	41	-1	-1	-1	-1	-1	-1	-1	-1	42	-1	-1	296	44	-1	-1	45	46	-1	-1	-1	-1	-1	-1	-1	-1	-1	-1	-1	-1	-1	-1	-1	-1	-1	-1	
第233行	-1	-1	-1	-1	-1	-1	-1	-1	-1	-1	-1	-1	-1	-1	-1	-1	-1	-1	-1	-1	230	231	-1	-1	-1	-1	-1	-19	-1	-1	-1	-19	-19	-1	-1	-1	-1	-1	-1	-1	-1	-1	
第234行	-1	-1	-1	-1	-1	-1	-1	-1	-1	-1	-1	-1	-1	-1	-1	-1	-1	-1	-1	-1	209	210	-1	-1	297	-1	-1	-1	-1	-1	-1	-1	-1	-1	-1	-1	-1	-1	-1	-1	-1	-1	
第235行	-1	-1	-1	-1	-1	-1	-1	-1	-1	-1	-1	-1	-1	-1	-25	-1	-1	-1	-1	-1	-25	-25	-1	-1	-1	-1	-1	-1	-1	-1	-1	-1	-1	-1	-25	-25	-25	-25	-25	-25	-1	-1	
第236行	-1	-1	-1	-1	-1	-1	-1	-1	-1	-1	-1	-1	-1	-1	-1	-1	298	-1	-1	-1	107	108	-1	-1	-1	-1	-1	-1	-1	-1	-1	-1	-1	-1	-1	-1	-1	-1	-1	-1	-1	-1	
第237行	-1	-1	-1	-1	-1	-1	-1	-1	-1	-1	-1	-1	-1	-1	-1	-1	-1	-1	-1	-1	154	155	-1	-1	-17	-1	-1	-1	-1	-1	-1	-1	-1	-1	-17	-17	-17	-17	-17	-17	-1	-1	
第238行	-1	-1	-1	-1	-1	-1	-1	-1	-1	-1	-1	-1	-1	-1	-1	-1	-1	-1	-1	-1	154	155	-1	-1	-18	-1	-1	-1	-1	-1	-1	-1	-1	-1	-18	-18	-18	-18	-18	-18	-1	-1	
第239行	-1	-1	-1	-1	-1	-1	-1	-1	-1	-1	-1	-1	-1	-1	299	-1	-1	-1	-1	-1	-21	-21	-1	-1	-21	-1	-1	-1	-1	-1	-1	-21	-21	-1	-1	-1	-1	-1	-1	-1	-1	-1	
第240行	-1	-1	-1	-1	-1	-1	-1	-1	-1	-1	-1	-1	-1	-1	-1	-1	-1	-1	-1	-1	-22	-22	-1	-1	-22	-1	-1	-1	-1	-1	-1	-22	-22	-1	-1	-1	-1	-1	-1	-1	-1	-1	
第241行	-1	-1	-1	-1	-1	-1	-1	-1	-1	-1	-1	-1	-1	-1	-1	-1	-1	-1	-1	-1	300	301	-1	-1	-33	-1	-1	-1	-1	-1	-1	-33	-33	-1	-1	-1	-1	-1	-1	-1	-1	-1	
第242行	-1	-1	-1	-1	-1	-1	-1	-1	-1	-1	-1	-1	-1	-1	302	-1	-1	-1	-1	-1	-23	-23	-1	-1	-23	-1	-1	-1	-1	-1	-1	-23	-23	-1	-1	-1	-1	-1	-1	-1	-1	-1	
第243行	-1	-1	-1	-1	-1	-1	239	-1	-1	-1	-1	-1	-1	-1	-1	240	-1	-1	303	242	-1	-1	243	244	-1	-1	-1	-1	-1	-1	-1	-1	-1	-1	-1	-1	-1	-1	-1	-1	-1	-1	
第244行	-1	-1	-1	-1	-1	-1	111	-1	-1	-1	-1	-1	-1	-1	-1	112	-1	-1	304	114	-1	-1	115	116	-1	-1	-1	-1	-1	-1	-1	-1	-1	-1	-1	-1	-1	-1	-1	-1	-1	-1	
第245行	-1	-1	-1	-1	-1	-1	-1	-1	-1	-1	-1	-1	-1	-1	-1	-1	-1	-1	-1	-1	300	301	-1	-1	-34	-1	-1	-1	-1	-1	-1	-34	-34	-1	-1	-1	-1	-1	-1	-1	-1	-1	
第246行	-1	-1	-1	-1	-1	-1	-1	-1	-1	-1	-1	-1	-1	-1	-1	-1	-1	-1	-1	-1	300	301	-1	-1	-35	-1	-1	-1	-1	-1	-1	-35	-35	-1	-1	-1	-1	-1	-1	-1	-1	-1	
第247行	-1	-1	-1	-1	-1	-1	-1	-1	-1	-1	-1	-1	-1	-1	-1	-1	-1	-1	-1	-1	300	301	-1	-1	-36	-1	-1	-1	-1	-1	-1	-36	-36	-1	-1	-1	-1	-1	-1	-1	-1	-1	
第248行	-1	-1	-1	-1	-1	-1	-1	-1	-1	-1	-1	-1	-1	-1	-1	-1	-1	-1	-1	-1	300	301	-1	-1	-37	-1	-1	-1	-1	-1	-1	-37	-37	-1	-1	-1	-1	-1	-1	-1	-1	-1	
第249行	-1	-1	-1	-1	-1	-1	-1	-1	-1	-1	-1	-1	-1	-1	-1	-1	-1	-1	-1	-1	300	301	-1	-1	-38	-1	-1	-1	-1	-1	-1	-38	-38	-1	-1	-1	-1	-1	-1	-1	-1	-1	
第250行	-1	-1	-1	-1	-1	-1	-1	-1	-1	-1	-1	-1	-1	-1	-1	-1	305	-1	-1	-1	107	108	-1	-1	-1	-1	-1	-1	-1	-1	-1	-1	-1	-1	-1	-1	-1	-1	-1	-1	-1	-1	
第251行	-1	-1	-1	-1	-1	-1	-1	-1	-1	-1	-1	-1	-1	-1	-1	-1	-1	-1	-1	-1	209	210	-1	-1	252	-1	-1	-1	-1	-1	-1	-1	-1	-1	-1	-1	-1	-1	-1	-1	-1	-1	
第252行	-1	-1	-1	-1	-1	-1	-1	-1	-1	-1	-1	-1	-1	-1	-1	-1	-1	-1	-1	-1	-20	-20	-1	-1	-20	-1	-1	-1	-1	-1	-1	-1	-1	-1	-20	-20	-20	-20	-20	-20	-1	-1	
第253行	-1	-1	-1	-1	-1	-1	-1	-1	-1	-1	-1	-1	-1	-1	-1	-1	-1	-1	-1	-1	-1	-1	-1	-1	-32	-1	-1	-1	-1	-1	-1	-32	-32	-1	-1	-1	-1	-1	-1	-1	-1	-1	
第254行	-1	-1	-1	-1	-1	-1	-1	-1	-1	-1	-1	-1	-1	-1	-1	-1	-1	-1	-1	-1	-1	-1	-1	-1	-29	-1	-1	-1	-1	-1	-1	169	170	-1	-1	-1	-1	-1	-1	-1	-1	-1	
第255行	-1	-1	-1	-1	-1	-1	-1	-1	-1	-1	-1	-1	-1	-1	-1	-1	-1	-1	-1	-1	-1	-1	-1	-1	-30	-1	-1	-1	-1	-1	-1	169	170	-1	-1	-1	-1	-1	-1	-1	-1	-1	
第256行	-5	-1	-1	-1	256	-1	175	-1	-1	-1	-1	-1	-1	-1	-1	-1	-1	-1	-1	176	-1	-1	-1	-1	-1	177	-1	-1	-5	178	-1	-1	-1	-1	-1	-1	-1	-1	-1	-1	-1	-1	
第257行	-1	-1	-1	-1	306	-1	5	-1	-1	-1	-1	-1	-1	-1	-1	-1	-1	-1	-1	11	-1	-1	-1	-1	-1	12	-1	-1	-1	13	-1	-1	-1	-1	-1	-1	-1	-1	-1	-1	-1	-1	
第258行	-1	-1	-1	-1	-1	-1	47	-1	-1	-1	-1	-1	-1	-1	-1	48	-1	-1	307	50	-1	-1	51	52	-1	-1	-1	-1	-1	-1	-1	-1	-1	-1	-1	-1	-1	-1	-1	-1	-1	-1	
第259行	-1	-1	-1	-1	-1	-1	53	-1	-1	-1	-1	-1	-1	-1	-1	54	-1	-1	55	56	-1	-1	57	58	-1	-1	-1	-1	-1	-1	-1	-1	-1	-1	-1	-1	-1	-1	-1	-1	308	-1	
第260行	-1	-1	-1	-1	-1	-1	47	-1	-1	-1	-1	-1	-1	-1	-1	48	-1	-1	309	50	-1	-1	51	52	-1	-1	-1	-1	-1	-1	-1	-1	-1	-1	-1	-1	-1	-1	-1	-1	-1	-1	
第261行	-1	-1	-1	-1	-1	-1	-1	-1	-1	-1	-1	-1	-1	-1	-1	-1	-1	-1	-1	-1	-1	-1	-1	-1	-1	-1	-1	310	-1	-1	-1	88	89	-1	-1	-1	-1	-1	-1	-1	-1	-1	
第262行	-1	-1	-1	-1	-1	-1	-1	-1	-1	-1	-1	-1	-1	-1	-1	-1	-1	-1	-1	-1	-1	-1	-1	-1	-1	-1	-1	-1	-1	-1	311	99	100	-1	-1	-1	-1	-1	-1	-1	-1	-1	
第263行	-1	-1	-1	-1	-1	-1	41	-1	-1	-1	-1	-1	-1	-1	-1	42	-1	-1	312	44	-1	-1	45	46	-1	-1	-1	-1	-1	-1	-1	-1	-1	-1	-1	-1	-1	-1	-1	-1	-1	-1	
第264行	-1	-1	-1	-1	-1	-1	181	-1	-1	-1	-1	-1	-1	-1	-1	182	-1	-1	313	184	-1	-1	185	186	-1	-1	-1	-1	-1	-1	-1	-1	-1	-1	-1	-1	-1	-1	-1	-1	-1	-1	
第265行	-1	-1	-1	-1	-1	-1	181	-1	-1	-1	-1	-1	-1	-1	-1	182	-1	-1	314	184	-1	-1	185	186	-1	-1	-1	-1	-1	-1	-1	-1	-1	-1	-1	-1	-1	-1	-1	-1	-1	-1	
第266行	-1	-1	-1	-1	-1	-1	41	-1	-1	-1	-1	-1	-1	-1	-1	42	-1	-1	315	44	-1	-1	45	46	-1	-1	-1	-1	-1	-1	-1	-1	-1	-1	-1	-1	-1	-1	-1	-1	-1	-1	
第267行	-1	-1	-1	-1	-1	-1	-1	-1	-1	-1	-1	-1	-1	-1	-1	-1	-1	-1	-1	-1	264	265	-1	-1	-1	-1	-1	-1	-1	-1	-19	-19	-19	-1	-1	-1	-1	-1	-1	-1	-1	-1	
第268行	-1	-1	-1	-1	-1	-1	-1	-1	-1	-1	-1	-1	-1	-1	-1	-1	-1	-1	-1	-1	209	210	-1	-1	316	-1	-1	-1	-1	-1	-1	-1	-1	-1	-1	-1	-1	-1	-1	-1	-1	-1	
第269行	-5	-1	-1	-1	269	-5	198	-1	-1	-1	-1	-5	-5	-5	-1	-1	-1	-1	-1	199	-1	-1	-1	-1	-1	200	-1	-1	-1	201	-1	-1	-1	-1	-1	-1	-1	-1	-1	-1	-1	-1	
第270行	-1	-1	-1	-1	-1	-1	47	-1	-1	-1	-1	-1	-1	-1	-1	48	-1	-1	317	50	-1	-1	51	52	-1	-1	-1	-1	-1	-1	-1	-1	-1	-1	-1	-1	-1	-1	-1	-1	-1	-1	
第271行	-1	-1	-1	-1	-1	-1	53	-1	-1	-1	-1	-1	-1	-1	-1	54	-1	-1	55	56	-1	-1	57	58	-1	-1	-1	-1	-1	-1	-1	-1	-1	-1	-1	-1	-1	-1	-1	-1	318	-1	
第272行	-1	-1	-1	-1	-1	-1	47	-1	-1	-1	-1	-1	-1	-1	-1	48	-1	-1	319	50	-1	-1	51	52	-1	-1	-1	-1	-1	-1	-1	-1	-1	-1	-1	-1	-1	-1	-1	-1	-1	-1	
第273行	-1	-1	-1	-1	-1	-1	-1	-1	-1	-1	-1	-1	-1	-1	-1	-1	-1	-1	-1	-1	-1	-1	-1	-1	-1	-1	-1	320	-1	-1	-1	88	89	-1	-1	-1	-1	-1	-1	-1	-1	-1	
第274行	-1	-1	-1	-1	-1	-1	-1	-1	-1	-1	-1	-1	-1	-1	-1	-1	-1	-1	-1	-1	-1	-1	-1	-1	-1	-1	-1	-1	-1	-1	321	99	100	-1	-1	-1	-1	-1	-1	-1	-1	-1	
第275行	-1	-1	-1	322	-1	103	-1	-1	104	7	-1	8	9	10	-1	-1	-1	-1	-1	-1	-1	-1	-1	-1	-1	-1	-1	-1	-1	-1	-1	-1	-1	-1	-1	-1	-1	-1	-1	-1	-1	-1	
第276行	-1	-1	-1	-1	-1	-8	-8	-1	-1	-1	-1	-8	-8	-8	-1	-1	-1	-1	-1	-1	-1	-1	-1	-1	-1	-8	-1	-1	-1	-8	-1	-1	-1	-1	-1	-1	-1	-1	-1	-1	-1	-1	
第277行	-1	-1	-1	-1	-1	-1	-1	-1	-1	-1	-1	-1	-1	-1	-24	-1	-24	-1	-1	-1	-24	-24	-1	-1	-1	-1	-1	-1	-1	-1	-1	-1	-1	-1	-1	-1	-1	-1	-1	-1	-1	-1	
第278行	-1	-1	-1	-1	-1	-1	-1	-1	-1	-1	-1	-1	-1	-1	-25	-1	-25	-1	-1	-1	-25	-25	-1	-1	-1	-1	-1	-1	-1	-1	-1	-1	-1	-1	-1	-1	-1	-1	-1	-1	-1	-1	
第279行	-1	-1	-1	-1	-1	-1	-1	-1	-1	-1	-1	-1	-1	-1	-1	-1	323	-1	-1	-1	107	108	-1	-1	-1	-1	-1	-1	-1	-1	-1	-1	-1	-1	-1	-1	-1	-1	-1	-1	-1	-1	
第280行	-1	-1	-1	-1	-1	-1	-1	-1	-1	-1	-1	-1	-1	-1	-1	-1	-1	-1	-1	-1	209	210	-1	-1	-17	-1	-1	-1	-1	-1	-1	-1	-1	-1	-1	-1	-1	-1	-1	-1	-1	-1	
第281行	-1	-1	-1	-1	-1	-1	-1	-1	-1	-1	-1	-1	-1	-1	-1	-1	-1	-1	-1	-1	209	210	-1	-1	-18	-1	-1	-1	-1	-1	-1	-1	-1	-1	-1	-1	-1	-1	-1	-1	-1	-1	
第282行	-1	-1	-1	-1	-1	-1	-1	-1	-1	-1	-1	-1	-1	-1	-1	-1	324	-1	-1	-1	107	108	-1	-1	-1	-1	-1	-1	-1	-1	-1	-1	-1	-1	-1	-1	-1	-1	-1	-1	-1	-1	
第283行	-1	-1	-1	-1	-1	-1	-1	-1	-1	-1	-1	-1	-1	-1	-1	-1	-1	-1	-1	-1	-20	-20	-1	-1	-20	-1	-1	-1	-1	-1	-1	-1	-1	-1	-1	-1	-1	-1	-1	-1	-1	-1	
第284行	-1	-1	-1	-1	-1	-1	-1	-24	-1	-1	-1	-1	-1	-1	-24	-1	-1	-1	-1	-1	-24	-24	-1	-1	-1	-1	-1	-1	-1	-1	-1	-1	-1	-1	-1	-1	-1	-1	-1	-1	-1	-1	
第285行	-1	-1	-1	-1	-1	-1	-1	-25	-1	-1	-1	-1	-1	-1	-25	-1	-1	-1	-1	-1	-25	-25	-1	-1	-1	-1	-1	-1	-1	-1	-1	-1	-1	-1	-1	-1	-1	-1	-1	-1	-1	-1	
第286行	-1	-1	-1	-1	-1	-1	-1	-1	-1	-1	-1	-1	-1	-1	-24	-1	-1	-1	-1	-1	-24	-24	-1	-1	-24	-1	-1	-1	-1	-1	-1	-1	-1	-1	-1	-1	-1	-1	-1	-1	-1	-24	
第287行	-1	-1	-1	-1	-1	-1	-1	-1	-1	-1	-1	-1	-1	-1	-25	-1	-1	-1	-1	-1	-25	-25	-1	-1	-25	-1	-1	-1	-1	-1	-1	-1	-1	-1	-1	-1	-1	-1	-1	-1	-1	-25	
第288行	-1	-1	-1	-1	325	-7	289	-1	-1	-1	-1	-7	-7	-7	-1	-1	-1	-1	-1	290	-1	-1	-1	-1	-1	291	-1	-1	-1	292	-1	-1	-1	-1	-1	-1	-1	-1	-1	-1	-1	-1	
第289行	-1	-1	-1	-1	-1	-1	-1	-1	-1	-1	-1	-1	-1	-1	17	-1	-1	326	-1	-1	-1	-1	-1	327	-1	-1	-1	-1	-1	-1	-1	-1	-1	-1	-1	-1	-1	-1	-1	-1	-1	-1	
第290行	-1	-1	-1	-1	-1	-1	-1	-1	-1	-1	-1	-1	-1	-1	26	-1	-1	328	-1	-1	-1	-1	-1	-1	-1	-1	-1	-1	-1	-1	-1	-1	-1	-1	-1	-1	-1	-1	-1	-1	-1	-1	
第291行	-1	-1	-1	-1	-1	-1	28	-1	-1	-1	-1	-1	-1	-1	-1	29	-1	-1	30	31	-1	-1	32	33	-1	-1	329	-1	-1	-1	-1	-1	-1	35	-1	-1	-1	-1	-1	-1	-1	-1	
第292行	-1	-1	-1	-1	-1	-1	28	-1	-1	-1	-1	-1	-1	-1	-1	29	-1	-1	36	31	-1	-1	32	37	-1	-1	330	-1	-1	-1	-1	-1	-1	39	-1	-1	-1	-1	-1	-1	-1	-1	
第293行	-1	-1	-1	-1	-1	-1	-1	-1	-1	-1	-1	-1	-1	-1	-1	-1	331	-1	-1	-1	107	108	-1	-1	-1	-1	-1	-1	-1	-1	-1	-1	-1	-1	-1	-1	-1	-1	-1	-1	-1	-1	
第294行	-1	-1	-1	-1	-1	-1	-1	-1	-1	-1	-1	-1	-1	-1	-1	-1	-1	-1	-1	-1	230	231	-1	-1	-1	-1	-1	-17	-1	-1	-1	-17	-17	-1	-1	-1	-1	-1	-1	-1	-1	-1	
第295行	-1	-1	-1	-1	-1	-1	-1	-1	-1	-1	-1	-1	-1	-1	-1	-1	-1	-1	-1	-1	230	231	-1	-1	-1	-1	-1	-18	-1	-1	-1	-18	-18	-1	-1	-1	-1	-1	-1	-1	-1	-1	
第296行	-1	-1	-1	-1	-1	-1	-1	-1	-1	-1	-1	-1	-1	-1	-1	-1	332	-1	-1	-1	107	108	-1	-1	-1	-1	-1	-1	-1	-1	-1	-1	-1	-1	-1	-1	-1	-1	-1	-1	-1	-1	
第297行	-1	-1	-1	-1	-1	-1	-1	-1	-1	-1	-1	-1	-1	-1	-1	-1	-1	-1	-1	-1	-20	-20	-1	-1	-1	-1	-1	-20	-1	-1	-1	-20	-20	-1	-1	-1	-1	-1	-1	-1	-1	-1	
第298行	-1	-1	-1	-1	-1	-1	-1	-1	-1	-1	-1	-1	-1	-1	-24	-1	-1	-1	-1	-1	-24	-24	-1	-1	-24	-1	-1	-1	-1	-1	-1	-1	-1	-1	-24	-24	-24	-24	-24	-24	-1	-1	
第299行	-1	-1	-1	-1	-1	-1	41	-1	-1	-1	-1	-1	-1	-1	-1	42	-1	-1	333	44	-1	-1	45	46	-1	-1	-1	-1	-1	-1	-1	-1	-1	-1	-1	-1	-1	-1	-1	-1	-1	-1	
第300行	-1	-1	-1	-1	-1	-1	239	-1	-1	-1	-1	-1	-1	-1	-1	240	-1	-1	334	242	-1	-1	243	244	-1	-1	-1	-1	-1	-1	-1	-1	-1	-1	-1	-1	-1	-1	-1	-1	-1	-1	
第301行	-1	-1	-1	-1	-1	-1	239	-1	-1	-1	-1	-1	-1	-1	-1	240	-1	-1	335	242	-1	-1	243	244	-1	-1	-1	-1	-1	-1	-1	-1	-1	-1	-1	-1	-1	-1	-1	-1	-1	-1	
第302行	-1	-1	-1	-1	-1	-1	41	-1	-1	-1	-1	-1	-1	-1	-1	42	-1	-1	336	44	-1	-1	45	46	-1	-1	-1	-1	-1	-1	-1	-1	-1	-1	-1	-1	-1	-1	-1	-1	-1	-1	
第303行	-1	-1	-1	-1	-1	-1	-1	-1	-1	-1	-1	-1	-1	-1	-1	-1	-1	-1	-1	-1	300	301	-1	-1	-19	-1	-1	-1	-1	-1	-1	-19	-19	-1	-1	-1	-1	-1	-1	-1	-1	-1	
第304行	-1	-1	-1	-1	-1	-1	-1	-1	-1	-1	-1	-1	-1	-1	-1	-1	-1	-1	-1	-1	209	210	-1	-1	337	-1	-1	-1	-1	-1	-1	-1	-1	-1	-1	-1	-1	-1	-1	-1	-1	-1	
第305行	-1	-1	-1	-1	-1	-1	-1	-1	-1	-1	-1	-1	-1	-1	-25	-1	-1	-1	-1	-1	-25	-25	-1	-1	-25	-1	-1	-1	-1	-1	-1	-1	-1	-1	-25	-25	-25	-25	-25	-25	-1	-1	
第306行	-27	-1	-1	-1	15	-1	5	-1	-1	-1	-1	-1	-1	-1	-1	-1	-1	-1	-1	11	-1	-1	-1	-1	-1	12	-1	-1	-1	13	-1	-1	-1	-1	-1	-1	-1	-1	-1	-1	-1	-1	
第307行	-1	-1	-1	-1	-1	-1	-1	338	-1	-1	-1	-1	-1	-1	-1	-1	-1	-1	-1	-1	119	120	-1	-1	-1	-1	-1	-1	-1	-1	-1	-1	-1	-1	-1	-1	-1	-1	-1	-1	-1	-1	
第308行	-1	-1	-1	-1	-1	-1	-1	-1	-1	-1	-1	-1	-1	-1	-1	-1	-1	-1	-1	-1	-1	-1	-1	-1	339	-1	-1	-1	-1	-1	-1	-1	-1	-1	-1	-1	-1	-1	-1	-1	-1	131	
第309行	-1	-1	-1	-1	-1	-1	-1	340	-1	-1	-1	-1	-1	-1	-1	-1	-1	-1	-1	-1	119	120	-1	-1	-1	-1	-1	-1	-1	-1	-1	-1	-1	-1	-1	-1	-1	-1	-1	-1	-1	-1	
第310行	-1	-1	-1	-1	341	-1	175	-1	-1	-1	-1	-1	-1	-1	-1	-1	-1	-1	-1	176	-1	-1	-1	-1	-1	177	-1	-1	-1	178	-1	-1	-1	-1	-1	-1	-1	-1	-1	-1	-1	-1	
第311行	-1	-1	-1	-1	342	-1	175	-1	-1	-1	-1	-1	-1	-1	-1	-1	-1	-1	-1	176	-1	-1	-1	-1	-1	177	-1	-1	-1	178	-1	-1	-1	-1	-1	-1	-1	-1	-1	-1	-1	-1	
第312行	-1	-1	-1	-1	-1	-1	-1	-1	-1	-1	-1	-1	-1	-1	-1	-1	343	-1	-1	-1	107	108	-1	-1	-1	-1	-1	-1	-1	-1	-1	-1	-1	-1	-1	-1	-1	-1	-1	-1	-1	-1	
第313行	-1	-1	-1	-1	-1	-1	-1	-1	-1	-1	-1	-1	-1	-1	-1	-1	-1	-1	-1	-1	264	265	-1	-1	-1	-1	-1	-1	-1	-1	-17	-17	-17	-1	-1	-1	-1	-1	-1	-1	-1	-1	
第314行	-1	-1	-1	-1	-1	-1	-1	-1	-1	-1	-1	-1	-1	-1	-1	-1	-1	-1	-1	-1	264	265	-1	-1	-1	-1	-1	-1	-1	-1	-18	-18	-18	-1	-1	-1	-1	-1	-1	-1	-1	-1	
第315行	-1	-1	-1	-1	-1	-1	-1	-1	-1	-1	-1	-1	-1	-1	-1	-1	344	-1	-1	-1	107	108	-1	-1	-1	-1	-1	-1	-1	-1	-1	-1	-1	-1	-1	-1	-1	-1	-1	-1	-1	-1	
第316行	-1	-1	-1	-1	-1	-1	-1	-1	-1	-1	-1	-1	-1	-1	-1	-1	-1	-1	-1	-1	-20	-20	-1	-1	-1	-1	-1	-1	-1	-1	-20	-20	-20	-1	-1	-1	-1	-1	-1	-1	-1	-1	
第317行	-1	-1	-1	-1	-1	-1	-1	345	-1	-1	-1	-1	-1	-1	-1	-1	-1	-1	-1	-1	119	120	-1	-1	-1	-1	-1	-1	-1	-1	-1	-1	-1	-1	-1	-1	-1	-1	-1	-1	-1	-1	
第318行	-1	-1	-1	-1	-1	-1	-1	-1	-1	-1	-1	-1	-1	-1	-1	-1	-1	-1	-1	-1	-1	-1	-1	-1	346	-1	-1	-1	-1	-1	-1	-1	-1	-1	-1	-1	-1	-1	-1	-1	-1	131	
第319行	-1	-1	-1	-1	-1	-1	-1	347	-1	-1	-1	-1	-1	-1	-1	-1	-1	-1	-1	-1	119	120	-1	-1	-1	-1	-1	-1	-1	-1	-1	-1	-1	-1	-1	-1	-1	-1	-1	-1	-1	-1	
第320行	-1	-1	-1	-1	348	-1	349	-1	-1	-1	-1	-1	-1	-1	-1	-1	-1	-1	-1	350	-1	-1	-1	-1	-1	351	-1	-1	-1	352	-1	-1	-1	-1	-1	-1	-1	-1	-1	-1	-1	-1	
第321行	-1	-1	-1	-1	353	-1	198	-1	-1	-1	-1	-1	-1	-1	-1	-1	-1	-1	-1	199	-1	-1	-1	-1	-1	200	-1	-1	-1	201	-1	-1	-1	-1	-1	-1	-1	-1	-1	-1	-1	-1	
第322行	-1	-1	-1	196	354	103	289	-1	104	7	-1	8	9	10	-1	-1	-1	-1	-1	290	-1	-1	-1	-1	-1	291	-1	-1	-1	292	-1	-1	-1	-1	-1	-1	-1	-1	-1	-1	-1	-1	
第323行	-1	-1	-1	-1	-1	-1	-1	-1	-1	-1	-1	-1	-1	-1	-24	-1	-1	-1	-1	-1	-24	-24	-1	-1	-24	-1	-1	-1	-1	-1	-1	-1	-1	-1	-1	-1	-1	-1	-1	-1	-1	-1	
第324行	-1	-1	-1	-1	-1	-1	-1	-1	-1	-1	-1	-1	-1	-1	-25	-1	-1	-1	-1	-1	-25	-25	-1	-1	-25	-1	-1	-1	-1	-1	-1	-1	-1	-1	-1	-1	-1	-1	-1	-1	-1	-1	
第325行	-1	-1	-1	-1	325	-5	289	-1	-1	-1	-1	-5	-5	-5	-1	-1	-1	-1	-1	290	-1	-1	-1	-1	-1	291	-1	-1	-1	292	-1	-1	-1	-1	-1	-1	-1	-1	-1	-1	-1	-1	
第326行	-1	-1	-1	-1	-1	-1	47	-1	-1	-1	-1	-1	-1	-1	-1	48	-1	-1	355	50	-1	-1	51	52	-1	-1	-1	-1	-1	-1	-1	-1	-1	-1	-1	-1	-1	-1	-1	-1	-1	-1	
第327行	-1	-1	-1	-1	-1	-1	53	-1	-1	-1	-1	-1	-1	-1	-1	54	-1	-1	55	56	-1	-1	57	58	-1	-1	-1	-1	-1	-1	-1	-1	-1	-1	-1	-1	-1	-1	-1	-1	356	-1	
第328行	-1	-1	-1	-1	-1	-1	47	-1	-1	-1	-1	-1	-1	-1	-1	48	-1	-1	357	50	-1	-1	51	52	-1	-1	-1	-1	-1	-1	-1	-1	-1	-1	-1	-1	-1	-1	-1	-1	-1	-1	
第329行	-1	-1	-1	-1	-1	-1	-1	-1	-1	-1	-1	-1	-1	-1	-1	-1	-1	-1	-1	-1	-1	-1	-1	-1	-1	-1	-1	358	-1	-1	-1	88	89	-1	-1	-1	-1	-1	-1	-1	-1	-1	
第330行	-1	-1	-1	-1	-1	-1	-1	-1	-1	-1	-1	-1	-1	-1	-1	-1	-1	-1	-1	-1	-1	-1	-1	-1	-1	-1	-1	-1	-1	-1	359	99	100	-1	-1	-1	-1	-1	-1	-1	-1	-1	
第331行	-1	-1	-1	-1	-1	-1	-1	-1	-1	-1	-1	-1	-1	-1	-24	-1	-1	-1	-1	-1	-24	-24	-1	-1	-1	-1	-1	-24	-1	-1	-1	-24	-24	-1	-1	-1	-1	-1	-1	-1	-1	-1	
第332行	-1	-1	-1	-1	-1	-1	-1	-1	-1	-1	-1	-1	-1	-1	-25	-1	-1	-1	-1	-1	-25	-25	-1	-1	-1	-1	-1	-25	-1	-1	-1	-25	-25	-1	-1	-1	-1	-1	-1	-1	-1	-1	
第333行	-1	-1	-1	-1	-1	-1	-1	-1	-1	-1	-1	-1	-1	-1	-1	-1	360	-1	-1	-1	107	108	-1	-1	-1	-1	-1	-1	-1	-1	-1	-1	-1	-1	-1	-1	-1	-1	-1	-1	-1	-1	
第334行	-1	-1	-1	-1	-1	-1	-1	-1	-1	-1	-1	-1	-1	-1	-1	-1	-1	-1	-1	-1	300	301	-1	-1	-17	-1	-1	-1	-1	-1	-1	-17	-17	-1	-1	-1	-1	-1	-1	-1	-1	-1	
第335行	-1	-1	-1	-1	-1	-1	-1	-1	-1	-1	-1	-1	-1	-1	-1	-1	-1	-1	-1	-1	300	301	-1	-1	-18	-1	-1	-1	-1	-1	-1	-18	-18	-1	-1	-1	-1	-1	-1	-1	-1	-1	
第336行	-1	-1	-1	-1	-1	-1	-1	-1	-1	-1	-1	-1	-1	-1	-1	-1	361	-1	-1	-1	107	108	-1	-1	-1	-1	-1	-1	-1	-1	-1	-1	-1	-1	-1	-1	-1	-1	-1	-1	-1	-1	
第337行	-1	-1	-1	-1	-1	-1	-1	-1	-1	-1	-1	-1	-1	-1	-1	-1	-1	-1	-1	-1	-20	-20	-1	-1	-20	-1	-1	-1	-1	-1	-1	-20	-20	-1	-1	-1	-1	-1	-1	-1	-1	-1	
第338行	-15	-1	-1	-1	-1	-1	-15	-1	-1	-1	-1	-1	-1	-1	-1	-1	-1	-1	-1	-1	-1	-1	-1	-1	-1	-15	-1	-1	-15	-15	-1	-1	-1	-1	-1	-1	-1	-1	-1	-1	-1	-1	
第339行	-39	-1	-1	-1	-1	-1	-39	-1	-1	-1	-1	-1	-1	-1	-1	-1	-1	-1	-1	-1	-1	-1	-1	-1	-1	-39	-1	-1	-39	-39	-1	-1	-1	-1	-1	-1	-1	-1	-1	-1	-1	-1	
第340行	-16	-1	-1	-1	-1	-1	-16	-1	-1	-1	-1	-1	-1	-1	-1	-1	-1	-1	-1	-1	-1	-1	-1	-1	-1	-16	-1	-1	-16	-16	-1	-1	-1	-1	-1	-1	-1	-1	-1	-1	-1	-1	
第341行	-26	-1	-1	-1	256	-1	175	-1	-1	-1	-1	-1	-1	-1	-1	-1	-1	-1	-1	176	-1	-1	-1	-1	-1	177	-1	-1	362	178	-1	-1	-1	-1	-1	-1	-1	-1	-1	-1	-1	-1	
第342行	-28	-1	-1	-1	256	-1	175	-1	-1	-1	-1	-1	-1	-1	-1	-1	-1	-1	-1	176	-1	-1	-1	-1	-1	177	-1	-1	-28	178	-1	-1	-1	-1	-1	-1	-1	-1	-1	-1	-1	-1	
第343行	-1	-1	-1	-1	-1	-1	-1	-1	-1	-1	-1	-1	-1	-1	-24	-1	-1	-1	-1	-1	-24	-24	-1	-1	-1	-1	-1	-1	-1	-1	-24	-24	-24	-1	-1	-1	-1	-1	-1	-1	-1	-1	
第344行	-1	-1	-1	-1	-1	-1	-1	-1	-1	-1	-1	-1	-1	-1	-25	-1	-1	-1	-1	-1	-25	-25	-1	-1	-1	-1	-1	-1	-1	-1	-25	-25	-25	-1	-1	-1	-1	-1	-1	-1	-1	-1	
第345行	-15	-1	-1	-1	-1	-15	-15	-1	-1	-1	-1	-15	-15	-15	-1	-1	-1	-1	-1	-1	-1	-1	-1	-1	-1	-15	-1	-1	-1	-15	-1	-1	-1	-1	-1	-1	-1	-1	-1	-1	-1	-1	
第346行	-39	-1	-1	-1	-1	-39	-39	-1	-1	-1	-1	-39	-39	-39	-1	-1	-1	-1	-1	-1	-1	-1	-1	-1	-1	-39	-1	-1	-1	-39	-1	-1	-1	-1	-1	-1	-1	-1	-1	-1	-1	-1	
第347行	-16	-1	-1	-1	-1	-16	-16	-1	-1	-1	-1	-16	-16	-16	-1	-1	-1	-1	-1	-1	-1	-1	-1	-1	-1	-16	-1	-1	-1	-16	-1	-1	-1	-1	-1	-1	-1	-1	-1	-1	-1	-1	
第348行	-26	-1	-1	-1	363	-26	349	-1	-1	-1	-1	-26	-26	-26	-1	-1	-1	-1	-1	350	-1	-1	-1	-1	-1	351	-1	-1	364	352	-1	-1	-1	-1	-1	-1	-1	-1	-1	-1	-1	-1	
第349行	-1	-1	-1	-1	-1	-1	-1	-1	-1	-1	-1	-1	-1	-1	17	-1	-1	365	-1	-1	-1	-1	-1	366	-1	-1	-1	-1	-1	-1	-1	-1	-1	-1	-1	-1	-1	-1	-1	-1	-1	-1	
第350行	-1	-1	-1	-1	-1	-1	-1	-1	-1	-1	-1	-1	-1	-1	26	-1	-1	367	-1	-1	-1	-1	-1	-1	-1	-1	-1	-1	-1	-1	-1	-1	-1	-1	-1	-1	-1	-1	-1	-1	-1	-1	
第351行	-1	-1	-1	-1	-1	-1	28	-1	-1	-1	-1	-1	-1	-1	-1	29	-1	-1	30	31	-1	-1	32	33	-1	-1	368	-1	-1	-1	-1	-1	-1	35	-1	-1	-1	-1	-1	-1	-1	-1	
第352行	-1	-1	-1	-1	-1	-1	28	-1	-1	-1	-1	-1	-1	-1	-1	29	-1	-1	36	31	-1	-1	32	37	-1	-1	369	-1	-1	-1	-1	-1	-1	39	-1	-1	-1	-1	-1	-1	-1	-1	
第353行	-28	-1	-1	-1	269	-28	198	-1	-1	-1	-1	-28	-28	-28	-1	-1	-1	-1	-1	199	-1	-1	-1	-1	-1	200	-1	-1	-1	201	-1	-1	-1	-1	-1	-1	-1	-1	-1	-1	-1	-1	
第354行	-1	-1	-1	-1	325	-7	289	-1	-1	-1	-1	-7	-7	-7	-1	-1	-1	-1	-1	290	-1	-1	-1	-1	-1	291	-1	-1	-1	292	-1	-1	-1	-1	-1	-1	-1	-1	-1	-1	-1	-1	
第355行	-1	-1	-1	-1	-1	-1	-1	370	-1	-1	-1	-1	-1	-1	-1	-1	-1	-1	-1	-1	119	120	-1	-1	-1	-1	-1	-1	-1	-1	-1	-1	-1	-1	-1	-1	-1	-1	-1	-1	-1	-1	
第356行	-1	-1	-1	-1	-1	-1	-1	-1	-1	-1	-1	-1	-1	-1	-1	-1	-1	-1	-1	-1	-1	-1	-1	-1	371	-1	-1	-1	-1	-1	-1	-1	-1	-1	-1	-1	-1	-1	-1	-1	-1	131	
第357行	-1	-1	-1	-1	-1	-1	-1	372	-1	-1	-1	-1	-1	-1	-1	-1	-1	-1	-1	-1	119	120	-1	-1	-1	-1	-1	-1	-1	-1	-1	-1	-1	-1	-1	-1	-1	-1	-1	-1	-1	-1	
第358行	-1	-1	-1	-1	373	-1	374	-1	-1	-1	-1	-1	-1	-1	-1	-1	-1	-1	-1	375	-1	-1	-1	-1	-1	376	-1	-1	-1	377	-1	-1	-1	-1	-1	-1	-1	-1	-1	-1	-1	-1	
第359行	-1	-1	-1	-1	378	-1	289	-1	-1	-1	-1	-1	-1	-1	-1	-1	-1	-1	-1	290	-1	-1	-1	-1	-1	291	-1	-1	-1	292	-1	-1	-1	-1	-1	-1	-1	-1	-1	-1	-1	-1	
第360行	-1	-1	-1	-1	-1	-1	-1	-1	-1	-1	-1	-1	-1	-1	-24	-1	-1	-1	-1	-1	-24	-24	-1	-1	-24	-1	-1	-1	-1	-1	-1	-24	-24	-1	-1	-1	-1	-1	-1	-1	-1	-1	
第361行	-1	-1	-1	-1	-1	-1	-1	-1	-1	-1	-1	-1	-1	-1	-25	-1	-1	-1	-1	-1	-25	-25	-1	-1	-25	-1	-1	-1	-1	-1	-1	-25	-25	-1	-1	-1	-1	-1	-1	-1	-1	-1	
第362行	-1	-1	-1	-1	379	-1	175	-1	-1	-1	-1	-1	-1	-1	-1	-1	-1	-1	-1	176	-1	-1	-1	-1	-1	177	-1	-1	-1	178	-1	-1	-1	-1	-1	-1	-1	-1	-1	-1	-1	-1	
第363行	-5	-1	-1	-1	363	-5	349	-1	-1	-1	-1	-5	-5	-5	-1	-1	-1	-1	-1	350	-1	-1	-1	-1	-1	351	-1	-1	-5	352	-1	-1	-1	-1	-1	-1	-1	-1	-1	-1	-1	-1	
第364行	-1	-1	-1	-1	380	-1	198	-1	-1	-1	-1	-1	-1	-1	-1	-1	-1	-1	-1	199	-1	-1	-1	-1	-1	200	-1	-1	-1	201	-1	-1	-1	-1	-1	-1	-1	-1	-1	-1	-1	-1	
第365行	-1	-1	-1	-1	-1	-1	47	-1	-1	-1	-1	-1	-1	-1	-1	48	-1	-1	381	50	-1	-1	51	52	-1	-1	-1	-1	-1	-1	-1	-1	-1	-1	-1	-1	-1	-1	-1	-1	-1	-1	
第366行	-1	-1	-1	-1	-1	-1	53	-1	-1	-1	-1	-1	-1	-1	-1	54	-1	-1	55	56	-1	-1	57	58	-1	-1	-1	-1	-1	-1	-1	-1	-1	-1	-1	-1	-1	-1	-1	-1	382	-1	
第367行	-1	-1	-1	-1	-1	-1	47	-1	-1	-1	-1	-1	-1	-1	-1	48	-1	-1	383	50	-1	-1	51	52	-1	-1	-1	-1	-1	-1	-1	-1	-1	-1	-1	-1	-1	-1	-1	-1	-1	-1	
第368行	-1	-1	-1	-1	-1	-1	-1	-1	-1	-1	-1	-1	-1	-1	-1	-1	-1	-1	-1	-1	-1	-1	-1	-1	-1	-1	-1	384	-1	-1	-1	88	89	-1	-1	-1	-1	-1	-1	-1	-1	-1	
第369行	-1	-1	-1	-1	-1	-1	-1	-1	-1	-1	-1	-1	-1	-1	-1	-1	-1	-1	-1	-1	-1	-1	-1	-1	-1	-1	-1	-1	-1	-1	385	99	100	-1	-1	-1	-1	-1	-1	-1	-1	-1	
第370行	-1	-1	-1	-1	-1	-15	-15	-1	-1	-1	-1	-15	-15	-15	-1	-1	-1	-1	-1	-1	-1	-1	-1	-1	-1	-15	-1	-1	-1	-15	-1	-1	-1	-1	-1	-1	-1	-1	-1	-1	-1	-1	
第371行	-1	-1	-1	-1	-1	-39	-39	-1	-1	-1	-1	-39	-39	-39	-1	-1	-1	-1	-1	-1	-1	-1	-1	-1	-1	-39	-1	-1	-1	-39	-1	-1	-1	-1	-1	-1	-1	-1	-1	-1	-1	-1	
第372行	-1	-1	-1	-1	-1	-16	-16	-1	-1	-1	-1	-16	-16	-16	-1	-1	-1	-1	-1	-1	-1	-1	-1	-1	-1	-16	-1	-1	-1	-16	-1	-1	-1	-1	-1	-1	-1	-1	-1	-1	-1	-1	
第373行	-1	-1	-1	-1	386	-26	374	-1	-1	-1	-1	-26	-26	-26	-1	-1	-1	-1	-1	375	-1	-1	-1	-1	-1	376	-1	-1	387	377	-1	-1	-1	-1	-1	-1	-1	-1	-1	-1	-1	-1	
第374行	-1	-1	-1	-1	-1	-1	-1	-1	-1	-1	-1	-1	-1	-1	17	-1	-1	388	-1	-1	-1	-1	-1	389	-1	-1	-1	-1	-1	-1	-1	-1	-1	-1	-1	-1	-1	-1	-1	-1	-1	-1	
第375行	-1	-1	-1	-1	-1	-1	-1	-1	-1	-1	-1	-1	-1	-1	26	-1	-1	390	-1	-1	-1	-1	-1	-1	-1	-1	-1	-1	-1	-1	-1	-1	-1	-1	-1	-1	-1	-1	-1	-1	-1	-1	
第376行	-1	-1	-1	-1	-1	-1	28	-1	-1	-1	-1	-1	-1	-1	-1	29	-1	-1	30	31	-1	-1	32	33	-1	-1	391	-1	-1	-1	-1	-1	-1	35	-1	-1	-1	-1	-1	-1	-1	-1	
第377行	-1	-1	-1	-1	-1	-1	28	-1	-1	-1	-1	-1	-1	-1	-1	29	-1	-1	36	31	-1	-1	32	37	-1	-1	392	-1	-1	-1	-1	-1	-1	39	-1	-1	-1	-1	-1	-1	-1	-1	
第378行	-1	-1	-1	-1	325	-28	289	-1	-1	-1	-1	-28	-28	-28	-1	-1	-1	-1	-1	290	-1	-1	-1	-1	-1	291	-1	-1	-1	292	-1	-1	-1	-1	-1	-1	-1	-1	-1	-1	-1	-1	
第379行	-27	-1	-1	-1	256	-1	175	-1	-1	-1	-1	-1	-1	-1	-1	-1	-1	-1	-1	176	-1	-1	-1	-1	-1	177	-1	-1	-27	178	-1	-1	-1	-1	-1	-1	-1	-1	-1	-1	-1	-1	
第380行	-27	-1	-1	-1	269	-27	198	-1	-1	-1	-1	-27	-27	-27	-1	-1	-1	-1	-1	199	-1	-1	-1	-1	-1	200	-1	-1	-1	201	-1	-1	-1	-1	-1	-1	-1	-1	-1	-1	-1	-1	
第381行	-1	-1	-1	-1	-1	-1	-1	393	-1	-1	-1	-1	-1	-1	-1	-1	-1	-1	-1	-1	119	120	-1	-1	-1	-1	-1	-1	-1	-1	-1	-1	-1	-1	-1	-1	-1	-1	-1	-1	-1	-1	
第382行	-1	-1	-1	-1	-1	-1	-1	-1	-1	-1	-1	-1	-1	-1	-1	-1	-1	-1	-1	-1	-1	-1	-1	-1	394	-1	-1	-1	-1	-1	-1	-1	-1	-1	-1	-1	-1	-1	-1	-1	-1	131	
第383行	-1	-1	-1	-1	-1	-1	-1	395	-1	-1	-1	-1	-1	-1	-1	-1	-1	-1	-1	-1	119	120	-1	-1	-1	-1	-1	-1	-1	-1	-1	-1	-1	-1	-1	-1	-1	-1	-1	-1	-1	-1	
第384行	-1	-1	-1	-1	396	-1	349	-1	-1	-1	-1	-1	-1	-1	-1	-1	-1	-1	-1	350	-1	-1	-1	-1	-1	351	-1	-1	-1	352	-1	-1	-1	-1	-1	-1	-1	-1	-1	-1	-1	-1	
第385行	-1	-1	-1	-1	397	-1	349	-1	-1	-1	-1	-1	-1	-1	-1	-1	-1	-1	-1	350	-1	-1	-1	-1	-1	351	-1	-1	-1	352	-1	-1	-1	-1	-1	-1	-1	-1	-1	-1	-1	-1	
第386行	-1	-1	-1	-1	386	-5	374	-1	-1	-1	-1	-5	-5	-5	-1	-1	-1	-1	-1	375	-1	-1	-1	-1	-1	376	-1	-1	-5	377	-1	-1	-1	-1	-1	-1	-1	-1	-1	-1	-1	-1	
第387行	-1	-1	-1	-1	398	-1	289	-1	-1	-1	-1	-1	-1	-1	-1	-1	-1	-1	-1	290	-1	-1	-1	-1	-1	291	-1	-1	-1	292	-1	-1	-1	-1	-1	-1	-1	-1	-1	-1	-1	-1	
第388行	-1	-1	-1	-1	-1	-1	47	-1	-1	-1	-1	-1	-1	-1	-1	48	-1	-1	399	50	-1	-1	51	52	-1	-1	-1	-1	-1	-1	-1	-1	-1	-1	-1	-1	-1	-1	-1	-1	-1	-1	
第389行	-1	-1	-1	-1	-1	-1	53	-1	-1	-1	-1	-1	-1	-1	-1	54	-1	-1	55	56	-1	-1	57	58	-1	-1	-1	-1	-1	-1	-1	-1	-1	-1	-1	-1	-1	-1	-1	-1	400	-1	
第390行	-1	-1	-1	-1	-1	-1	47	-1	-1	-1	-1	-1	-1	-1	-1	48	-1	-1	401	50	-1	-1	51	52	-1	-1	-1	-1	-1	-1	-1	-1	-1	-1	-1	-1	-1	-1	-1	-1	-1	-1	
第391行	-1	-1	-1	-1	-1	-1	-1	-1	-1	-1	-1	-1	-1	-1	-1	-1	-1	-1	-1	-1	-1	-1	-1	-1	-1	-1	-1	402	-1	-1	-1	88	89	-1	-1	-1	-1	-1	-1	-1	-1	-1	
第392行	-1	-1	-1	-1	-1	-1	-1	-1	-1	-1	-1	-1	-1	-1	-1	-1	-1	-1	-1	-1	-1	-1	-1	-1	-1	-1	-1	-1	-1	-1	403	99	100	-1	-1	-1	-1	-1	-1	-1	-1	-1	
第393行	-15	-1	-1	-1	-1	-15	-15	-1	-1	-1	-1	-15	-15	-15	-1	-1	-1	-1	-1	-1	-1	-1	-1	-1	-1	-15	-1	-1	-15	-15	-1	-1	-1	-1	-1	-1	-1	-1	-1	-1	-1	-1	
第394行	-39	-1	-1	-1	-1	-39	-39	-1	-1	-1	-1	-39	-39	-39	-1	-1	-1	-1	-1	-1	-1	-1	-1	-1	-1	-39	-1	-1	-39	-39	-1	-1	-1	-1	-1	-1	-1	-1	-1	-1	-1	-1	
第395行	-16	-1	-1	-1	-1	-16	-16	-1	-1	-1	-1	-16	-16	-16	-1	-1	-1	-1	-1	-1	-1	-1	-1	-1	-1	-16	-1	-1	-16	-16	-1	-1	-1	-1	-1	-1	-1	-1	-1	-1	-1	-1	
第396行	-26	-1	-1	-1	363	-26	349	-1	-1	-1	-1	-26	-26	-26	-1	-1	-1	-1	-1	350	-1	-1	-1	-1	-1	351	-1	-1	404	352	-1	-1	-1	-1	-1	-1	-1	-1	-1	-1	-1	-1	
第397行	-28	-1	-1	-1	363	-28	349	-1	-1	-1	-1	-28	-28	-28	-1	-1	-1	-1	-1	350	-1	-1	-1	-1	-1	351	-1	-1	-28	352	-1	-1	-1	-1	-1	-1	-1	-1	-1	-1	-1	-1	
第398行	-1	-1	-1	-1	325	-27	289	-1	-1	-1	-1	-27	-27	-27	-1	-1	-1	-1	-1	290	-1	-1	-1	-1	-1	291	-1	-1	-1	292	-1	-1	-1	-1	-1	-1	-1	-1	-1	-1	-1	-1	
第399行	-1	-1	-1	-1	-1	-1	-1	405	-1	-1	-1	-1	-1	-1	-1	-1	-1	-1	-1	-1	119	120	-1	-1	-1	-1	-1	-1	-1	-1	-1	-1	-1	-1	-1	-1	-1	-1	-1	-1	-1	-1	
第400行	-1	-1	-1	-1	-1	-1	-1	-1	-1	-1	-1	-1	-1	-1	-1	-1	-1	-1	-1	-1	-1	-1	-1	-1	406	-1	-1	-1	-1	-1	-1	-1	-1	-1	-1	-1	-1	-1	-1	-1	-1	131	
第401行	-1	-1	-1	-1	-1	-1	-1	407	-1	-1	-1	-1	-1	-1	-1	-1	-1	-1	-1	-1	119	120	-1	-1	-1	-1	-1	-1	-1	-1	-1	-1	-1	-1	-1	-1	-1	-1	-1	-1	-1	-1	
第402行	-1	-1	-1	-1	408	-1	374	-1	-1	-1	-1	-1	-1	-1	-1	-1	-1	-1	-1	375	-1	-1	-1	-1	-1	376	-1	-1	-1	377	-1	-1	-1	-1	-1	-1	-1	-1	-1	-1	-1	-1	
第403行	-1	-1	-1	-1	409	-1	374	-1	-1	-1	-1	-1	-1	-1	-1	-1	-1	-1	-1	375	-1	-1	-1	-1	-1	376	-1	-1	-1	377	-1	-1	-1	-1	-1	-1	-1	-1	-1	-1	-1	-1	
第404行	-1	-1	-1	-1	410	-1	349	-1	-1	-1	-1	-1	-1	-1	-1	-1	-1	-1	-1	350	-1	-1	-1	-1	-1	351	-1	-1	-1	352	-1	-1	-1	-1	-1	-1	-1	-1	-1	-1	-1	-1	
第405行	-1	-1	-1	-1	-1	-15	-15	-1	-1	-1	-1	-15	-15	-15	-1	-1	-1	-1	-1	-1	-1	-1	-1	-1	-1	-15	-1	-1	-15	-15	-1	-1	-1	-1	-1	-1	-1	-1	-1	-1	-1	-1	
第406行	-1	-1	-1	-1	-1	-39	-39	-1	-1	-1	-1	-39	-39	-39	-1	-1	-1	-1	-1	-1	-1	-1	-1	-1	-1	-39	-1	-1	-39	-39	-1	-1	-1	-1	-1	-1	-1	-1	-1	-1	-1	-1	
第407行	-1	-1	-1	-1	-1	-16	-16	-1	-1	-1	-1	-16	-16	-16	-1	-1	-1	-1	-1	-1	-1	-1	-1	-1	-1	-16	-1	-1	-16	-16	-1	-1	-1	-1	-1	-1	-1	-1	-1	-1	-1	-1	
第408行	-1	-1	-1	-1	386	-26	374	-1	-1	-1	-1	-26	-26	-26	-1	-1	-1	-1	-1	375	-1	-1	-1	-1	-1	376	-1	-1	411	377	-1	-1	-1	-1	-1	-1	-1	-1	-1	-1	-1	-1	
第409行	-1	-1	-1	-1	386	-28	374	-1	-1	-1	-1	-28	-28	-28	-1	-1	-1	-1	-1	375	-1	-1	-1	-1	-1	376	-1	-1	-28	377	-1	-1	-1	-1	-1	-1	-1	-1	-1	-1	-1	-1	
第410行	-27	-1	-1	-1	363	-27	349	-1	-1	-1	-1	-27	-27	-27	-1	-1	-1	-1	-1	350	-1	-1	-1	-1	-1	351	-1	-1	-27	352	-1	-1	-1	-1	-1	-1	-1	-1	-1	-1	-1	-1	
第411行	-1	-1	-1	-1	412	-1	374	-1	-1	-1	-1	-1	-1	-1	-1	-1	-1	-1	-1	375	-1	-1	-1	-1	-1	376	-1	-1	-1	377	-1	-1	-1	-1	-1	-1	-1	-1	-1	-1	-1	-1	
第412行	-1	-1	-1	-1	386	-27	374	-1	-1	-1	-1	-27	-27	-27	-1	-1	-1	-1	-1	375	-1	-1	-1	-1	-1	376	-1	-1	-27	377	-1	-1	-1	-1	-1	-1	-1	-1	-1	-1	-1	-1	